% Title: BOLO1
-6.399997711181641         0.021520138              
-6.200000762939453         0.02640009               
-6.0                       0.021520138              
-5.799999237060547         0.02640009               
-5.599998474121094         0.02640009               
-5.399997711181641         0.021520138              
-5.200000762939453         0.021520138              
-5.0                       0.021520138              
-4.799999237060547         0.021520138              
-4.599998474121094         0.02640009               
-4.399997711181641         0.02640009               
-4.200000762939453         0.02640009               
-4.0                       0.02640009               
-3.799999237060547         0.023960114              
-3.5999984741210938        0.021520138              
-3.3999977111816406        0.019079685              
-3.200000762939453         0.019079685              
-3.0                       0.021520138              
-2.799999237060547         0.02640009               
-2.5999984741210938        0.023960114              
-2.3999977111816406        0.02640009               
-2.200000762939453         0.02640009               
-2.0                       0.021520138              
-1.7999992370605469        0.021520138              
-1.5999984741210938        0.01663971               
-1.3999977111816406        0.023960114              
-1.2000007629394531        0.023960114              
-1.0                       0.02640009               
-0.7999992370605469        0.028840065              
-0.5999984741210938        0.02640009               
-0.3999977111816406        0.021520138              
-0.20000076293945312       0.021520138              
0.0                        0.019079685              
0.20000076293945312        0.021520138              
0.40000152587890625        0.02640009               
0.6000022888183594         0.021520138              
0.7999992370605469         0.023960114              
1.0                        0.021520138              
1.2000007629394531         0.019079685              
1.4000015258789062         0.021520138              
1.6000022888183594         0.028840065              
1.7999992370605469         0.038599968              
2.0                        0.04835987               
2.200000762939453          0.06055975               
2.4000015258789062         0.072760105              
2.6000022888183594         0.08252001               
2.799999237060547          0.08739996               
3.0                        0.09471989               
3.200000762939453          0.15571976               
3.4000015258789062         0.29723978               
3.6000022888183594         0.51927996               
3.799999237060547          0.8120799                
4.0                        1.14148                  
4.200000762939453          1.4806399                
4.400001525878906          1.7295198                
4.600002288818359          1.9393597                
4.799999237060547          2.09552                  
5.0                        2.3175597                
5.200000762939453          2.4615197                
5.400001525878906          2.6396399                
5.600002288818359          2.9885597                
5.799999237060547          3.0763998                
6.0                        3.2472                   
6.200000762939453          3.5009594                
6.400001525878906          3.4594803                
6.600002288818359          3.6912794                
6.799999237060547          3.7620401                
7.0                        3.8962402                
7.200000762939453          4.20368                  
7.400001525878906          4.3549595                
7.600002288818359          4.3964396                
7.799999237060547          4.4281597                
8.0                        4.64044                  
8.200000762939453          4.8234396                
8.400001525878906          4.8941994                
8.60000228881836           4.9917994                
8.799999237060547          4.9917994                
9.0                        4.9917994                
9.200000762939453          4.9917994                
9.400001525878906          4.7307196                
9.60000228881836           4.1597595                
9.799999237060547          3.7644796                
10.0                       3.0300398                
10.200000762939453         3.8084002                
10.400001525878906         4.63068                  
10.60000228881836          3.8010798                
10.799999237060547         4.13048                  
11.0                       3.48388                  
11.200000762939453         3.6766396                
11.400001525878906         2.8982797                
11.60000228881836          2.43468                  
11.799999237060547         4.9917994                
12.0                       3.96212                  
12.200000762939453         3.19108                  
12.400001525878906         3.2862396                
12.60000228881836          2.62988                  
12.799999237060547         2.5932798                
13.0                       2.1809196                
13.200004577636719         4.9917994                
13.400001525878906         2.8519197                
13.599998474121094         2.3322                   
13.800003051757812         2.39076                  
14.0                       1.90032                  
14.200004577636719         4.7160797                
14.400001525878906         2.7957997                
14.599998474121094         1.9832797                
14.800003051757812         1.8441997                
15.0                       1.8783598                
15.200004577636719         1.51968                  
15.400001525878906         1.5562797                
15.599998474121094         1.6026397                
15.800003051757812         1.23908                  
16.0                       4.1085196                
16.20000457763672          1.9247198                
16.400001525878906         1.3635197                
16.599998474121094         1.1268401                
16.800003051757812         1.1975999                
17.0                       1.4586797                
17.20000457763672          1.0267997                
17.400001525878906         0.9560399                
17.599998474121094         0.84624004               
17.800003051757812         1.3952398                
18.0                       0.94628                  
18.20000457763672          0.80719995               
18.400001525878906         0.74131966               
18.599998474121094         0.6803198                
18.800003051757812         0.70716                  
19.0                       2.63476                  
19.20000457763672          1.3122797                
19.400001525878906         0.94384                  
19.599998474121094         0.8315997                
19.800003051757812         0.75108004               
20.0                       0.7339997                
20.20000457763672          0.6778798                
20.400001525878906         0.7437601                
20.599998474121094         0.7437601                
20.800003051757812         0.80232                  
21.0                       0.66323996               
21.20000457763672          0.6217599                
21.400001525878906         1.1658797                
21.599998474121094         0.9340801                
21.800003051757812         0.6778798                
22.0                       0.61443996               
22.20000457763672          0.59735966               
22.400001525878906         0.6022401                
22.599998474121094         0.58759975               
22.800003051757812         0.5753999                
23.0                       0.57783985               
23.20000457763672          0.5827198                
23.400001525878906         0.5729599                
23.599998474121094         0.5851598                
23.800003051757812         0.62663984               
24.0                       0.6388397                
24.20000457763672          0.69984007               
24.400001525878906         0.75839996               
24.599998474121094         0.7876797                
24.800003051757812         0.75108004               
25.0                       0.7242398                
25.20000457763672          0.68275976               
25.400001525878906         0.6681199                
25.599998474121094         0.66567993               
25.800003051757812         0.67299986               
26.0                       0.66323996               
26.20000457763672          0.6681199                
26.400001525878906         0.6778798                
26.599998474121094         0.71203995               
26.800003051757812         0.71203995               
27.0                       0.7242398                
27.20000457763672          0.75108004               
27.400001525878906         0.74864006               
27.599998474121094         0.76083994               
27.800003051757812         0.78035975               
28.0                       0.79988                  
28.20000457763672          0.81695986               
28.400001525878906         0.8120799                
28.599998474121094         0.8413601                
28.800003051757812         0.8584399                
29.0                       0.85356                  
29.20000457763672          0.8730798                
29.400001525878906         0.89748                  
29.599998474121094         0.9169998                
29.800003051757812         0.90479994               
30.0                       0.9267597                
30.20000457763672          0.9291997                
30.400001525878906         0.91455984               
30.599998474121094         0.9657998                
30.800003051757812         0.94872                  
31.0                       0.94628                  
31.20000457763672          0.96335983               
31.400001525878906         0.97067976               
31.599998474121094         0.99508                  
31.800003051757812         1.0316801                
32.0                       1.0536399                
32.20000457763672          1.04632                  
32.400001525878906         1.0658398                
32.599998474121094         1.0804801                
32.80000305175781          1.1121998                
33.0                       1.1243997                
33.20000457763672          1.1317201                
33.400001525878906         1.1268401                
33.599998474121094         1.1366                   
33.80000305175781          1.1487999                
34.0                       1.13904                  
34.20000457763672          1.14392                  
34.400001525878906         1.1731997                
34.599998474121094         1.1561198                
34.80000305175781          1.2000399                
35.0                       1.2000399                
35.20000457763672          1.2244401                
35.400001525878906         1.23664                  
35.599998474121094         1.2561598                
35.80000305175781          1.3049598                
36.0                       1.2634797                
36.20000457763672          1.2585998                
36.400001525878906         1.28544                  
36.599998474121094         1.3684001                
36.80000305175781          1.3220401                
37.0                       1.2927599                
37.20000457763672          1.3635197                
37.400001525878906         1.3366799                
37.599998474121094         1.32448                  
37.80000305175781          1.3537598                
38.0                       1.3659596                
38.20000457763672          1.4049997                
38.400001525878906         1.4294                   
38.599998474121094         1.4001198                
38.80000305175781          1.4440398                
39.0                       1.4367199                
39.20000457763672          1.47088                  
39.400001525878906         1.4635601                
39.599998474121094         1.5343199                
39.80000305175781          1.5074797                
40.0                       1.5538397                
40.20000457763672          1.52456                  
40.400001525878906         1.5587196                
40.599998474121094         1.5782399                
40.80000305175781          2.00036                  
41.0                       4.44524                  
41.20000457763672          4.26468                  
41.400001525878906         4.9917994                
41.599998474121094         2.76652                  
41.80000305175781          3.3325996                
42.0                       2.9056                   
42.20000457763672          1.8295598                
42.400001525878906         1.5294399                
42.599998474121094         1.2342                   
42.80000305175781          1.3488798                
43.0                       0.5851598                
43.20000457763672          0.35091972               
43.400001525878906         0.27284002               
43.599998474121094         0.21428013               
43.80000305175781          0.17768002               
44.0                       0.14351988               
44.20000457763672          0.13132                  
44.400001525878906         0.11667967               
44.599998474121094         0.11179972               
44.80000305175781          0.10935974               
45.0                       0.11179972               
45.20000457763672          0.11423969               
45.400001525878906         0.11423969               
45.599998474121094         0.11179972               
45.80000305175781          0.106919765              
46.0                       0.09959984               
46.20000457763672          0.09471989               
46.400001525878906         0.08739996               
46.599998474121094         0.08252001               
46.80000305175781          0.07764006               
47.0                       0.07032013               
47.20000457763672          0.06787968               
47.400001525878906         0.0654397                
47.599998474121094         0.07032013               
47.80000305175781          0.072760105              
48.0                       0.07520008               
48.20000457763672          0.07520008               
48.400001525878906         0.072760105              
48.599998474121094         0.07764006               
48.80000305175781          0.07764006               
49.0                       0.072760105              
49.20000457763672          0.0654397                
49.400001525878906         0.0654397                
49.599998474121094         0.0654397                
49.80000305175781          0.0654397                
50.0                       0.0654397                
50.20000457763672          0.0654397                
50.400001525878906         0.06055975               
50.599998474121094         0.055679798              
50.80000305175781          0.053239822              
51.0                       0.053239822              
51.20000457763672          0.053239822              
51.400001525878906         0.045919895              
51.599998474121094         0.045919895              
51.80000305175781          0.053239822              
52.0                       0.053239822              
52.20000457763672          0.045919895              
52.400001525878906         0.045919895              
52.599998474121094         0.053239822              
52.80000305175781          0.055679798              
53.0                       0.045919895              
53.20000457763672          0.045919895              
53.400001525878906         0.045919895              
53.599998474121094         0.04347992               
53.80000305175781          0.038599968              
54.0                       0.03128004               
54.20000457763672          0.036159992              
54.400001525878906         0.033720016              
54.599998474121094         0.028840065              
54.80000305175781          0.028840065              
55.0                       0.033720016              
55.20000457763672          0.04347992               
55.400001525878906         0.041039944              
55.599998474121094         0.04347992               
55.80000305175781          0.04835987               
56.0                       0.045919895              
56.20000457763672          0.038599968              
56.400001525878906         0.036159992              
56.599998474121094         0.04347992               
56.80000305175781          0.033720016              
57.0                       0.02640009               
57.20000457763672          0.023960114              
57.400001525878906         0.028840065              
57.599998474121094         0.03128004               
57.80000305175781          0.02640009               
58.0                       0.03128004               
58.20000457763672          0.036159992              
58.400001525878906         0.038599968              
58.599998474121094         0.033720016              
58.80000305175781          0.036159992              
59.0                       0.036159992              
59.20000457763672          0.033720016              
59.400001525878906         0.03128004               
59.599998474121094         0.02640009               
59.80000305175781          0.028840065              
60.0                       0.03128004               
60.20000457763672          0.028840065              
60.400001525878906         0.03128004               
60.599998474121094         0.033720016              
60.80000305175781          0.028840065              
61.0                       0.02640009               
61.20000457763672          0.028840065              
61.400001525878906         0.033720016              
61.599998474121094         0.03128004               
61.80000305175781          0.023960114              
62.0                       0.03128004               
62.20000457763672          0.033720016              
62.400001525878906         0.033720016              
62.599998474121094         0.028840065              
62.80000305175781          0.03128004               
63.0                       0.03128004               
63.20000457763672          0.03128004               
63.400001525878906         0.028840065              
63.599998474121094         0.02640009               
63.80000305175781          0.02640009               
64.0                       0.02640009               
64.20000457763672          0.021520138              
64.4000015258789           0.023960114              
64.5999984741211           0.023960114              
64.80000305175781          0.02640009               
65.0                       0.02640009               
65.20000457763672          0.028840065              
65.4000015258789           0.033720016              
65.5999984741211           0.03128004               
65.80000305175781          0.028840065              
66.0                       0.028840065              
66.20000457763672          0.03128004               
66.4000015258789           0.028840065              
66.5999984741211           0.02640009               
66.80000305175781          0.02640009               
67.0                       0.023960114              
67.20000457763672          0.023960114              
67.4000015258789           0.023960114              
67.5999984741211           0.02640009               
67.80000305175781          0.02640009               
68.0                       0.028840065              
68.20000457763672          0.028840065              
68.4000015258789           0.033720016              
68.5999984741211           0.03128004               
68.80000305175781          0.03128004               
69.0                       0.03128004               
69.20000457763672          0.02640009               
69.4000015258789           0.028840065              
69.5999984741211           0.03128004               
69.80000305175781          0.02640009               
70.0                       0.028840065              
70.20000457763672          0.03128004               
70.4000015258789           0.028840065              
70.5999984741211           0.02640009               
70.80000305175781          0.023960114              
71.0                       0.021520138              
71.20000457763672          0.021520138              
71.4000015258789           0.021520138              
71.5999984741211           0.02640009               
71.80000305175781          0.028840065              
72.0                       0.023960114              
72.20000457763672          0.028840065              
72.4000015258789           0.02640009               
72.5999984741211           0.023960114              
72.80000305175781          0.02640009               
73.0                       0.028840065              
73.20000457763672          0.02640009               
73.4000015258789           0.028840065              
73.5999984741211           0.028840065              
73.80000305175781          0.03128004               
74.0                       0.023960114              
74.20000457763672          0.021520138              
74.4000015258789           0.019079685              
74.5999984741211           0.02640009               
74.80000305175781          0.02640009               
75.0                       0.028840065              
75.20000457763672          0.03128004               
75.4000015258789           0.03128004               
75.5999984741211           0.03128004               
75.80000305175781          0.028840065              
76.0                       0.02640009               
76.20000457763672          0.028840065              
76.4000015258789           0.028840065              
76.5999984741211           0.02640009               
76.80000305175781          0.02640009               
77.0                       0.028840065              
77.19999694824219          0.028840065              
77.40000915527344          0.02640009               
77.60000610351562          0.023960114              
77.80000305175781          0.02640009               
78.0                       0.023960114              
78.19999694824219          0.02640009               
78.40000915527344          0.02640009               
78.60000610351562          0.023960114              
78.80000305175781          0.028840065              
79.0                       0.02640009               
79.19999694824219          0.028840065              
79.40000915527344          0.02640009               
79.60000610351562          0.02640009               
79.80000305175781          0.021520138              
80.0                       0.023960114              
80.19999694824219          0.02640009               
80.40000915527344          0.021520138              
80.60000610351562          0.02640009               
80.80000305175781          0.03128004               
81.0                       0.028840065              
81.19999694824219          0.028840065              
81.40000915527344          0.02640009               
81.60000610351562          0.028840065              
81.80000305175781          0.02640009               
82.0                       0.028840065              
82.19999694824219          0.028840065              
82.40000915527344          0.033720016              
82.60000610351562          0.033720016              
82.80000305175781          0.03128004               
83.0                       0.03128004               
83.19999694824219          0.03128004               
83.40000915527344          0.028840065              
83.60000610351562          0.028840065              
83.80000305175781          0.02640009               
84.0                       0.02640009               
84.19999694824219          0.03128004               
84.40000915527344          0.03128004               
84.60000610351562          0.03128004               
84.80000305175781          0.03128004               
85.0                       0.03128004               
85.19999694824219          0.023960114              
85.40000915527344          0.023960114              
85.60000610351562          0.021520138              
85.80000305175781          0.02640009               
86.0                       0.03128004               
86.19999694824219          0.028840065              
86.40000915527344          0.03128004               
86.60000610351562          0.028840065              
86.80000305175781          0.028840065              
87.0                       0.028840065              
87.19999694824219          0.02640009               
87.40000915527344          0.03128004               
87.60000610351562          0.02640009               
87.80000305175781          0.03128004               
88.0                       0.033720016              
88.19999694824219          0.033720016              
88.40000915527344          0.03128004               
88.60000610351562          0.028840065              
88.80000305175781          0.03128004               
89.0                       0.02640009               
89.19999694824219          0.028840065              
89.40000915527344          0.028840065              
89.60000610351562          0.03128004               
89.80000305175781          0.033720016              
90.0                       0.03128004               
90.19999694824219          0.03128004               
90.40000915527344          0.03128004               
90.60000610351562          0.028840065              
90.80000305175781          0.028840065              
91.0                       0.028840065              
91.19999694824219          0.03128004               
91.40000915527344          0.03128004               
91.60000610351562          0.03128004               
91.80000305175781          0.03128004               
92.0                       0.03128004               
92.19999694824219          0.028840065              
92.40000915527344          0.02640009               
92.60000610351562          0.028840065              
92.80000305175781          0.028840065              
93.0                       0.03128004               
93.19999694824219          0.03128004               
93.40000915527344          0.03128004               
93.60000610351562          0.033720016              
93.80000305175781          0.03128004               
94.0                       0.028840065              
94.19999694824219          0.028840065              
94.40000915527344          0.028840065              
94.60000610351562          0.028840065              
94.80000305175781          0.03128004               
95.0                       0.03128004               
95.19999694824219          0.033720016              
95.40000915527344          0.033720016              
95.60000610351562          0.028840065              
95.80000305175781          0.028840065              
96.0                       0.028840065              
96.19999694824219          0.02640009               
96.40000915527344          0.03128004               
96.60000610351562          0.033720016              
96.80000305175781          0.033720016              
97.0                       0.033720016              
97.19999694824219          0.033720016              
97.40000915527344          0.033720016              
97.60000610351562          0.03128004               
97.80000305175781          0.033720016              
98.0                       0.028840065              
98.19999694824219          0.033720016              
98.40000915527344          0.033720016              
98.60000610351562          0.033720016              
98.80000305175781          0.033720016              
99.0                       0.03128004               
99.19999694824219          0.03128004               
99.40000915527344          0.03128004               
99.60000610351562          0.03128004               
99.80000305175781          0.03128004               
100.0                      0.033720016              
100.19999694824219         0.03128004               
100.40000915527344         0.036159992              
100.60000610351562         0.038599968              
100.80000305175781         0.038599968              
101.0                      0.036159992              
101.19999694824219         0.03128004               
101.40000915527344         0.033720016              
101.60000610351562         0.033720016              
101.80000305175781         0.03128004               
102.0                      0.03128004               
102.19999694824219         0.033720016              
102.40000915527344         0.033720016              
102.60000610351562         0.03128004               
102.80000305175781         0.033720016              
103.0                      0.036159992              
103.19999694824219         0.033720016              
103.40000915527344         0.033720016              
103.60000610351562         0.036159992              
103.80000305175781         0.036159992              
104.0                      0.038599968              
104.19999694824219         0.036159992              
104.40000915527344         0.038599968              
104.60000610351562         0.036159992              
104.80000305175781         0.033720016              
105.0                      0.033720016              
105.19999694824219         0.033720016              
105.40000915527344         0.033720016              
105.60000610351562         0.033720016              
105.80000305175781         0.033720016              
106.0                      0.033720016              
106.19999694824219         0.033720016              
106.40000915527344         0.03128004               
106.60000610351562         0.03128004               
106.80000305175781         0.036159992              
107.0                      0.033720016              
107.19999694824219         0.033720016              
107.40000915527344         0.036159992              
107.60000610351562         0.033720016              
107.80000305175781         0.03128004               
108.0                      0.033720016              
108.19999694824219         0.036159992              
108.40000915527344         0.03128004               
108.60000610351562         0.033720016              
108.80000305175781         0.03128004               
109.0                      0.03128004               
109.19999694824219         0.03128004               
109.40000915527344         0.03128004               
109.60000610351562         0.033720016              
109.80000305175781         0.033720016              
110.0                      0.03128004               
110.19999694824219         0.03128004               
110.40000915527344         0.033720016              
110.60000610351562         0.03128004               
110.80000305175781         0.033720016              
111.0                      0.033720016              
111.19999694824219         0.033720016              
111.40000915527344         0.033720016              
111.60000610351562         0.028840065              
111.80000305175781         0.03128004               
112.0                      0.033720016              
112.19999694824219         0.03128004               
112.40000915527344         0.02640009               
112.60000610351562         0.028840065              
112.80000305175781         0.03128004               
113.0                      0.033720016              
113.19999694824219         0.03128004               
113.40000915527344         0.03128004               
113.60000610351562         0.033720016              
113.80000305175781         0.033720016              
114.0                      0.033720016              
114.19999694824219         0.03128004               
114.40000915527344         0.033720016              
114.60000610351562         0.033720016              
114.80000305175781         0.033720016              
115.0                      0.03128004               
115.19999694824219         0.033720016              
115.40000915527344         0.036159992              
115.60000610351562         0.028840065              
115.80000305175781         0.028840065              
116.0                      0.03128004               
116.19999694824219         0.033720016              
116.40000915527344         0.03128004               
116.60000610351562         0.03128004               
116.80000305175781         0.03128004               
117.0                      0.028840065              
117.19999694824219         0.033720016              
117.40000915527344         0.03128004               
117.60000610351562         0.03128004               
117.80000305175781         0.033720016              
118.0                      0.03128004               
118.19999694824219         0.033720016              
118.40000915527344         0.03128004               
118.60000610351562         0.033720016              
118.80000305175781         0.03128004               
119.0                      0.03128004               
119.19999694824219         0.028840065              
119.40000915527344         0.028840065              
119.60000610351562         0.02640009               
119.80000305175781         0.03128004               
120.0                      0.02640009               
120.19999694824219         0.02640009               
120.40000915527344         0.03128004               
120.60000610351562         0.028840065              
120.80000305175781         0.028840065              
121.0                      0.028840065              
121.19999694824219         0.03128004               
121.40000915527344         0.03128004               
121.60000610351562         0.028840065              
121.80000305175781         0.03128004               
122.0                      0.03128004               
122.19999694824219         0.03128004               
122.40000915527344         0.033720016              
122.60000610351562         0.02640009               
122.80000305175781         0.028840065              
123.0                      0.028840065              
123.19999694824219         0.028840065              
123.40000915527344         0.02640009               
123.60000610351562         0.028840065              
123.80000305175781         0.023960114              
124.0                      0.028840065              
124.19999694824219         0.02640009               
124.40000915527344         0.02640009               
124.60000610351562         0.028840065              
124.80000305175781         0.02640009               
125.0                      0.028840065              
125.19999694824219         0.028840065              
125.40000915527344         0.02640009               
125.60000610351562         0.028840065              
125.80000305175781         0.02640009               
126.0                      0.02640009               
126.19999694824219         0.02640009               
126.40000915527344         0.02640009               
126.60000610351562         0.02640009               
126.80000305175781         0.028840065              
127.0                      0.02640009               
127.19999694824219         0.02640009               
127.40000915527344         0.03128004               
127.60000610351562         0.02640009               
127.80000305175781         0.03128004               
128.0                      0.028840065              
128.1999969482422          0.03128004               
128.40000915527344         0.03128004               
128.60000610351562         0.028840065              
128.8000030517578          0.028840065              
129.0                      0.028840065              
129.1999969482422          0.028840065              
129.40000915527344         0.02640009               
129.60000610351562         0.02640009               
129.8000030517578          0.02640009               
130.0                      0.02640009               
130.1999969482422          0.023960114              
130.40000915527344         0.02640009               
130.60000610351562         0.02640009               
130.8000030517578          0.023960114              
131.0                      0.023960114              
131.1999969482422          0.023960114              
131.40000915527344         0.02640009               
131.60000610351562         0.023960114              
131.8000030517578          0.02640009               
132.0                      0.023960114              
132.1999969482422          0.023960114              
132.40000915527344         0.02640009               
132.60000610351562         0.02640009               
132.8000030517578          0.023960114              
133.0                      0.02640009               
133.1999969482422          0.021520138              
133.40000915527344         0.02640009               
133.60000610351562         0.021520138              
133.8000030517578          0.023960114              
134.0                      0.02640009               
134.1999969482422          0.02640009               
134.40000915527344         0.02640009               
134.60000610351562         0.028840065              
134.8000030517578          0.03128004               
135.0                      0.02640009               
135.1999969482422          0.02640009               
135.40000915527344         0.028840065              
135.60000610351562         0.028840065              
135.8000030517578          0.023960114              
136.0                      0.023960114              
136.1999969482422          0.02640009               
136.40000915527344         0.023960114              
136.60000610351562         0.023960114              
136.8000030517578          0.02640009               
137.0                      0.021520138              
137.1999969482422          0.02640009               
137.40000915527344         0.02640009               
137.60000610351562         0.02640009               
137.8000030517578          0.02640009               
138.0                      0.02640009               
138.1999969482422          0.028840065              
138.40000915527344         0.023960114              
138.60000610351562         0.023960114              
138.8000030517578          0.02640009               
139.0                      0.02640009               
139.1999969482422          0.02640009               
139.40000915527344         0.023960114              
139.60000610351562         0.023960114              
139.8000030517578          0.023960114              
140.0                      0.023960114              
140.1999969482422          0.02640009               
140.40000915527344         0.02640009               
140.60000610351562         0.028840065              
140.8000030517578          0.02640009               
141.0                      0.028840065              
141.1999969482422          0.028840065              
141.40000915527344         0.02640009               
141.60000610351562         0.028840065              
141.8000030517578          0.02640009               
142.0                      0.02640009               
142.1999969482422          0.021520138              
142.40000915527344         0.023960114              
142.60000610351562         0.021520138              
142.8000030517578          0.02640009               
143.0                      0.02640009               
143.1999969482422          0.028840065              
143.40000915527344         0.021520138              
143.60000610351562         0.028840065              
143.8000030517578          0.023960114              
144.0                      0.028840065              
144.1999969482422          0.02640009               
144.40000915527344         0.028840065              
144.60000610351562         0.028840065              
144.8000030517578          0.028840065              
145.0                      0.028840065              
145.1999969482422          0.02640009               
145.40000915527344         0.02640009               
145.60000610351562         0.028840065              
145.8000030517578          0.02640009               
146.0                      0.02640009               
146.1999969482422          0.02640009               
146.40000915527344         0.02640009               
146.60000610351562         0.028840065              
146.8000030517578          0.02640009               
147.0                      0.023960114              
147.1999969482422          0.028840065              
147.40000915527344         0.02640009               
147.60000610351562         0.02640009               
147.8000030517578          0.023960114              
148.0                      0.02640009               
148.1999969482422          0.02640009               
148.40000915527344         0.023960114              
148.60000610351562         0.02640009               
148.8000030517578          0.02640009               
149.0                      0.02640009               
149.1999969482422          0.02640009               
149.40000915527344         0.023960114              
149.60000610351562         0.02640009               
149.8000030517578          0.028840065              
150.0                      0.02640009               
150.1999969482422          0.028840065              
150.40000915527344         0.02640009               
150.60000610351562         0.028840065              
150.8000030517578          0.023960114              
151.0                      0.02640009               
151.1999969482422          0.02640009               
151.40000915527344         0.02640009               
