% Title: Delta R
-6.399997711181641         3.9295495                
-6.200000762939453         -1.9318335               
-6.0                       36.13871                 
-5.799999237060547         -11.144539               
-5.599998474121094         -8.993737                
-5.399997711181641         -6.3588896               
-5.200000762939453         -4.0377684               
-5.0                       -3.8607936               
-4.799999237060547         4.1524463                
-4.599998474121094         0.2966538                
-4.399997711181641         4.5906487                
-4.200000762939453         -7.251554                
-4.0                       -5.6101136               
-3.799999237060547         -9.308869                
-3.5999984741210938        -2.1830142               
-3.3999977111816406        -8.769936                
-3.200000762939453         -0.5617594               
-3.0                       1.9775681                
-2.799999237060547         6.3615217                
-2.5999984741210938        46.56161                 
-2.3999977111816406        -8.532124                
-2.200000762939453         -6.7131734               
-2.0                       -9.302762                
-1.7999992370605469        -4.551386                
-1.5999984741210938        -34.04979                
-1.3999977111816406        3.9437578                
-1.2000007629394531        0.8387994                
-1.0                       -38.185604               
-0.7999992370605469        -2.5709317               
-0.5999984741210938        1.7428472                
-0.3999977111816406        5.2832313                
-0.20000076293945312       -2.0253987               
0.0                        13.086065                
0.20000076293945312        87.80124                 
0.40000152587890625        -4.2872696               
0.6000022888183594         -2.4510264               
0.7999992370605469         -22.722267               
1.0                        -159.47585               
1.2000007629394531         -44.25888                
1.4000015258789062         -31.615353               
1.6000022888183594         -15.356636               
1.7999992370605469         -5.4050326               
2.0                        -2.0809114               
2.200000762939453          -2.767527                
2.4000015258789062         -2.2771626               
2.6000022888183594         -0.98923445              
2.799999237060547          0.6555319                
3.0                        0.6941825                
3.200000762939453          1.7429814                
3.4000015258789062         2.8838186                
3.6000022888183594         2.916187                 
3.799999237060547          3.191624                 
4.0                        3.480184                 
4.200000762939453          3.5910048                
4.400001525878906          3.9435358                
4.600002288818359          4.4684434                
4.799999237060547          4.4802427                
5.0                        4.830616                 
5.200000762939453          4.963387                 
5.400001525878906          4.970083                 
5.600002288818359          5.2707872                
5.799999237060547          5.4838524                
6.0                        5.6048303                
6.200000762939453          5.663718                 
6.400001525878906          6.002683                 
6.600002288818359          6.3724017                
6.799999237060547          6.083406                 
7.0                        6.1165137                
7.200000762939453          6.3939376                
7.400001525878906          6.535431                 
7.600002288818359          6.6166325                
7.799999237060547          6.8077154                
8.0                        6.956352                 
8.200000762939453          6.8004265                
8.400001525878906          6.9218516                
8.60000228881836           7.188274                 
8.799999237060547          7.024479                 
9.0                        7.238713                 
9.200000762939453          7.1356015                
9.400001525878906          7.449436                 
9.60000228881836           7.7569594                
9.799999237060547          7.301541                 
10.0                       7.3521442                
10.200000762939453         13.803504                
10.400001525878906         7.2607303                
10.60000228881836          7.135089                 
10.799999237060547         6.957794                 
11.0                       6.8945146                
11.200000762939453         6.7241044                
11.400001525878906         6.4661293                
11.60000228881836          6.413202                 
11.799999237060547         6.706916                 
12.0                       6.092476                 
12.200000762939453         5.528246                 
12.400001525878906         5.4869285                
12.60000228881836          5.3161917                
12.799999237060547         5.3879285                
13.0                       5.028832                 
13.200004577636719         5.025611                 
13.400001525878906         4.3004737                
13.599998474121094         4.0045543                
13.800003051757812         3.9916487                
14.0                       4.0911465                
14.200004577636719         4.186119                 
14.400001525878906         3.2721133                
14.599998474121094         2.8530478                
14.800003051757812         2.4761796                
15.0                       2.4743586                
15.200004577636719         2.395484                 
15.400001525878906         2.6022508                
15.599998474121094         2.366574                 
15.800003051757812         2.4458528                
16.0                       2.1140516                
16.20000457763672          1.4416873                
16.400001525878906         1.0876119                
16.599998474121094         1.1989683                
16.800003051757812         1.1475682                
17.0                       1.0551705                
17.20000457763672          0.94082505               
17.400001525878906         0.83245933               
17.599998474121094         1.0819972                
17.800003051757812         0.86942166               
18.0                       0.8987248                
18.20000457763672          0.8728117                
18.400001525878906         1.04426                  
18.599998474121094         1.1330798                
18.800003051757812         1.2438729                
19.0                       0.66412985               
19.20000457763672          0.34578592               
19.400001525878906         0.225012                 
19.599998474121094         0.13777167               
19.800003051757812         0.19453615               
20.0                       0.24620444               
20.20000457763672          0.4284203                
20.400001525878906         0.47564507               
20.599998474121094         0.28088838               
20.800003051757812         0.363034                 
21.0                       0.31784028               
21.20000457763672          0.42277426               
21.400001525878906         0.29444247               
21.599998474121094         0.27246028               
21.800003051757812         0.27502477               
22.0                       0.29608905               
22.20000457763672          0.2779305                
22.400001525878906         0.46849847               
22.599998474121094         0.40798634               
22.800003051757812         0.50620586               
23.0                       0.5708024                
23.20000457763672          0.68959                  
23.400001525878906         0.75849444               
23.599998474121094         0.8159697                
23.800003051757812         0.85529834               
24.0                       0.7617071                
24.20000457763672          0.8979589                
24.400001525878906         0.8808017                
24.599998474121094         0.7998869                
24.800003051757812         0.8646205                
25.0                       0.8079365                
25.20000457763672          0.8021429                
25.400001525878906         0.79233646               
25.599998474121094         0.76961815               
25.800003051757812         0.81775635               
26.0                       0.8034103                
26.20000457763672          0.7978492                
26.400001525878906         0.8479327                
26.599998474121094         0.8738942                
26.800003051757812         0.8679278                
27.0                       0.940679                 
27.20000457763672          0.94866526               
27.400001525878906         0.9330973                
27.599998474121094         0.94569254               
27.800003051757812         0.8940942                
28.0                       0.9399906                
28.20000457763672          0.8985572                
28.400001525878906         0.93510747               
28.599998474121094         0.9391464                
28.800003051757812         0.95763206               
29.0                       0.9525195                
29.20000457763672          1.0102794                
29.400001525878906         1.0185219                
29.599998474121094         1.0334737                
29.800003051757812         1.0619514                
30.0                       1.0768964                
30.20000457763672          1.118201                 
30.400001525878906         1.1225746                
30.599998474121094         1.1505932                
30.800003051757812         1.2323723                
31.0                       1.1424541                
31.20000457763672          1.1014514                
31.400001525878906         1.1129372                
31.599998474121094         1.1075221                
31.800003051757812         1.1016891                
32.0                       1.1218883                
32.20000457763672          1.1691146                
32.400001525878906         1.147212                 
32.599998474121094         1.1747979                
32.80000305175781          1.2296095                
33.0                       1.202713                 
33.20000457763672          1.2385182                
33.400001525878906         1.2831821                
33.599998474121094         1.2809441                
33.80000305175781          1.3411976                
34.0                       1.3734244                
34.20000457763672          1.373557                 
34.400001525878906         1.4300138                
34.599998474121094         1.4495804                
34.80000305175781          1.4529973                
35.0                       1.51169                  
35.20000457763672          1.4966085                
35.400001525878906         1.5007824                
35.599998474121094         1.5661083                
35.80000305175781          1.5542805                
36.0                       1.55873                  
36.20000457763672          1.6019537                
36.400001525878906         1.6114563                
36.599998474121094         1.68892                  
36.80000305175781          1.6952008                
37.0                       1.726891                 
37.20000457763672          1.7536193                
37.400001525878906         1.7632716                
37.599998474121094         1.8241451                
37.80000305175781          1.8922724                
38.0                       1.935698                 
38.20000457763672          1.9307845                
38.400001525878906         1.9732356                
38.599998474121094         1.9467824                
38.80000305175781          2.0265102                
39.0                       1.9918591                
39.20000457763672          1.989013                 
39.400001525878906         2.0451367                
39.599998474121094         2.0412452                
39.80000305175781          2.023755                 
40.0                       2.0837672                
40.20000457763672          2.0812109                
40.400001525878906         2.11299                  
40.599998474121094         2.0742416                
40.80000305175781          2.0440042                
41.0                       1.3967984                
41.20000457763672          0.68173933               
41.400001525878906         0.579936                 
41.599998474121094         -0.023470819             
41.80000305175781          -0.51681995              
42.0                       -0.7834941               
42.20000457763672          -1.5882462               
42.400001525878906         -2.155529                
42.599998474121094         -1.0291964               
42.80000305175781          -0.1865834               
43.0                       -1.0143697               
43.20000457763672          -1.631403                
43.400001525878906         -2.173853                
43.599998474121094         -0.31847954              
43.80000305175781          -62.639572               
44.0                       -6.701231                
44.20000457763672          -18.440962               
44.400001525878906         -15.263224               
44.599998474121094         -19.767523               
44.80000305175781          -21.697664               
45.0                       -27.825499               
45.20000457763672          -23.485184               
45.400001525878906         -33.422897               
45.599998474121094         -35.869072               
45.80000305175781          -33.489655               
46.0                       -33.68621                
46.20000457763672          -37.931587               
46.400001525878906         -33.946037               
46.599998474121094         -46.897552               
46.80000305175781          -42.72332                
47.0                       -42.911293               
47.20000457763672          -66.237595               
47.400001525878906         -45.31903                
47.599998474121094         -66.46008                
47.80000305175781          -54.902412               
48.0                       -73.52681                
48.20000457763672          -71.454384               
48.400001525878906         -87.14604                
48.599998474121094         -79.56071                
48.80000305175781          -106.95701               
49.0                       -89.41178                
49.20000457763672          -85.504005               
49.400001525878906         -107.24979               
49.599998474121094         -101.357796              
49.80000305175781          -130.15056               
50.0                       -213.20224               
50.20000457763672          -157.41954               
50.400001525878906         -73.95506                
50.599998474121094         -239.44621               
50.80000305175781          -411.41086               
51.0                       -212.82916               
51.20000457763672          -443.08505               
51.400001525878906         -455.6911                
51.599998474121094         -696.4485                
51.80000305175781          -349.26352               
52.0                       -1342.595                
52.20000457763672          -34624.21                
52.400001525878906         -1397.8577               
52.599998474121094         1539.4874                
52.80000305175781          1558.4633                
53.0                       771.5699                 
53.20000457763672          1644.8822                
53.400001525878906         531.2111                 
53.599998474121094         -1543.4998               
53.80000305175781          246.06357                
54.0                       -42229.242               
54.20000457763672          348.67386                
54.400001525878906         433.54916                
54.599998474121094         443.56467                
54.80000305175781          230.26852                
55.0                       -898.1098                
55.20000457763672          217.30952                
55.400001525878906         606.53766                
55.599998474121094         257.06763                
55.80000305175781          447.79745                
56.0                       455.1705                 
56.20000457763672          302.98087                
56.400001525878906         1909.3071                
56.599998474121094         232.017                  
56.80000305175781          637.1697                 
57.0                       643.9423                 
57.20000457763672          271.33908                
57.400001525878906         -506.92172               
57.599998474121094         391.68                   
57.80000305175781          -1911.0908               
58.0                       2140.5679                
58.20000457763672          -406.13626               
58.400001525878906         -351.6004                
58.599998474121094         2084.0156                
58.80000305175781          2125.3457                
59.0                       -1980.8059               
59.20000457763672          -1026.7998               
59.400001525878906         -1026.5846               
59.599998474121094         -2046.1395               
59.80000305175781          -306.01535               
60.0                       -428.4574                
60.20000457763672          -269.39597               
60.400001525878906         -546.8875                
60.599998474121094         -311.91345               
60.80000305175781          -206.90456               
61.0                       -252.2346                
61.20000457763672          -210.87346               
61.400001525878906         -237.9476                
61.599998474121094         -186.85556               
61.80000305175781          -140.39145               
62.0                       -212.7727                
62.20000457763672          -182.2311                
62.400001525878906         -214.2982                
62.599998474121094         -170.27278               
62.80000305175781          -268.52258               
63.0                       -172.83788               
63.20000457763672          -203.86328               
63.400001525878906         -188.3141                
63.599998474121094         -177.02856               
63.80000305175781          -167.48619               
64.0                       -140.78136               
64.20000457763672          -143.94188               
64.4000015258789           -162.88872               
64.5999984741211           -155.08246               
64.80000305175781          -157.35884               
65.0                       -167.66878               
65.20000457763672          -157.33127               
65.4000015258789           -127.826645              
65.5999984741211           -158.31927               
65.80000305175781          -191.68115               
66.0                       -168.3456                
66.20000457763672          -180.37415               
66.4000015258789           -197.10507               
66.5999984741211           -213.1145                
66.80000305175781          -174.77054               
67.0                       -256.60138               
67.20000457763672          -233.7153                
67.4000015258789           -221.12431               
67.5999984741211           -240.4221                
67.80000305175781          -209.8105                
68.0                       -227.91528               
68.20000457763672          -231.48294               
68.4000015258789           -328.7246                
68.5999984741211           -269.33237               
68.80000305175781          -330.68805               
69.0                       -269.86383               
69.20000457763672          -333.25696               
69.4000015258789           -275.68527               
69.5999984741211           -335.0714                
69.80000305175781          -220.78653               
70.0                       -519.2205                
70.20000457763672          -1028.7548               
70.4000015258789           1064.0273                
70.5999984741211           -630.1721                
70.80000305175781          -1575.9552               
71.0                       -3112.738                
71.20000457763672          -3146.0898               
71.4000015258789           -1094.1925               
71.5999984741211           3487.6602                
71.80000305175781          423.60092                
72.0                       1144.9355                
72.20000457763672          1711.1172                
72.4000015258789           1713.662                 
72.5999984741211           1728.7795                
72.80000305175781          485.72852                
73.0                       -1698.0316               
73.20000457763672          868.67255                
73.4000015258789           580.64087                
73.5999984741211           3662.2886                
73.80000305175781          504.13785                
74.0                       892.04333                
74.20000457763672          600.9219                 
74.4000015258789           911.2827                 
74.5999984741211           608.5011                 
74.80000305175781          1251.686                 
75.0                       415.9082                 
75.20000457763672          627.64557                
75.4000015258789           540.52454                
75.5999984741211           -96211.64                
75.80000305175781          541.572                  
76.0                       1948.8938                
76.20000457763672          766.81067                
76.4000015258789           544.8504                 
76.5999984741211           641.4187                 
76.80000305175781          -1902.6787               
77.0                       987.0758                 
77.19999694824219          4063.6726                
77.40000915527344          2012.1887                
77.60000610351562          -99906.516               
77.80000305175781          -1966.663                
78.0                       2047.5952                
78.19999694824219          -808.5865                
78.40000915527344          2080.4153                
78.60000610351562          -1022.25244              
78.80000305175781          4311.2607                
79.0                       -525.4474                
79.19999694824219          -4020.819                
79.40000915527344          -1041.3499               
79.60000610351562          -1043.6058               
79.80000305175781          -602.9755                
80.0                       -839.4674                
80.19999694824219          -476.17355               
80.40000915527344          -471.83823               
80.60000610351562          -393.16965               
80.80000305175781          -540.7682                
81.0                       -364.92648               
81.19999694824219          -439.2655                
81.40000915527344          -318.46155               
81.60000610351562          -372.2423                
81.80000305175781          -323.72748               
82.0                       -347.9799                
82.19999694824219          -271.8844                
82.40000915527344          -274.3214                
82.60000610351562          -313.83914               
82.80000305175781          -237.72673               
83.0                       -278.97955               
83.19999694824219          -278.8191                
83.40000915527344          -278.68433               
83.60000610351562          -250.77295               
83.80000305175781          -298.206                 
84.0                       -239.95352               
84.19999694824219          -282.8326                
84.40000915527344          -220.55507               
84.60000610351562          -256.47516               
84.80000305175781          -245.34937               
85.0                       -258.99142               
85.19999694824219          -225.08923               
85.40000915527344          -261.31607               
85.60000610351562          -262.66022               
85.80000305175781          -264.24194               
86.0                       -265.6092                
86.19999694824219          -268.6769                
86.40000915527344          -301.74066               
86.60000610351562          -283.76395               
86.80000305175781          -256.05463               
87.0                       -364.06113               
87.19999694824219          -284.95032               
87.40000915527344          -367.53812               
87.60000610351562          -271.19327               
87.80000305175781          -347.239                 
88.0                       -372.15256               
88.19999694824219          -350.88                  
88.40000915527344          -231.57027               
88.60000610351562          -353.6121                
88.80000305175781          -590.4023                
89.0                       -411.77182               
89.19999694824219          -489.18472               
89.40000915527344          -450.69614               
89.60000610351562          -545.07355               
89.80000305175781          -549.34784               
90.0                       -460.81635               
90.19999694824219          -687.0833                
90.40000915527344          -1357.2843               
90.60000610351562          -610.852                 
90.80000305175781          -5327.113                
91.0                       -1368.5751               
91.19999694824219          -1830.4485               
91.40000915527344          -2734.2485               
91.60000610351562          -1848.3188               
91.80000305175781          -5417.112                
92.0                       -568.8423                
92.19999694824219          -5455.763                
92.40000915527344          -5488.6943               
92.60000610351562          1161.7262                
92.80000305175781          -5545.7983               
93.0                       -146841.6                
93.19999694824219          -5595.4297               
93.40000915527344          -148471.17               
93.60000610351562          -1942.176                
93.80000305175781          1992.9633                
94.0                       6108.622                 
94.19999694824219          1997.7302                
94.40000915527344          1485.0922                
94.60000610351562          1496.1473                
94.80000305175781          2010.5271                
95.0                       -2924.2432               
95.19999694824219          1208.7535                
95.40000915527344          1534.6161                
95.60000610351562          2039.9719                
95.80000305175781          -5845.681                
96.0                       1538.208                 
96.19999694824219          -2021.3037               
96.40000915527344          -156036.7                
96.60000610351562          -156868.97               
96.80000305175781          -5992.3594               
97.0                       -1238.9879               
97.19999694824219          -1553.9982               
97.40000915527344          6520.176                 
97.60000610351562          -1242.8887               
97.80000305175781          -2080.9277               
98.0                       -1255.8369               
98.19999694824219          -6134.1934               
98.40000915527344          -1263.4478               
98.60000610351562          -1271.0504               
98.80000305175781          -1277.4808               
99.0                       -806.3198                
99.19999694824219          -1079.6055               
99.40000915527344          -1082.334                
99.60000610351562          -658.1008                
99.80000305175781          -551.73663               
100.0                      -553.48126               
100.19999694824219         -476.16257               
100.40000915527344         -609.1406                
100.60000610351562         -449.34164               
100.80000305175781         -744.1703                
101.0                      -517.88135               
101.19999694824219         -397.8588                
101.40000915527344         -565.88165               
101.60000610351562         -377.31042               
101.80000305175781         -425.9809                
102.0                      -264.8003                
102.19999694824219         -361.8425                
102.40000915527344         -363.497                 
102.60000610351562         -364.79147               
102.80000305175781         -348.89914               
103.0                      -388.61984               
103.19999694824219         -369.8505                
103.40000915527344         -321.00323               
103.60000610351562         -374.76398               
103.80000305175781         -339.5052                
104.0                      -285.5948                
104.19999694824219         -297.44724               
104.40000915527344         -357.87238               
104.60000610351562         -310.82364               
104.80000305175781         -342.1064                
105.0                      -312.62595               
105.19999694824219         -328.3532                
105.40000915527344         -314.0122                
105.60000610351562         -303.38763               
105.80000305175781         -332.03882               
106.0                      -348.61322               
106.19999694824219         -334.0488                
106.40000915527344         -351.41193               
106.60000610351562         -276.46814               
106.80000305175781         -372.88016               
107.0                      -354.38574               
107.19999694824219         -356.6626                
107.40000915527344         -342.7435                
107.60000610351562         -340.57178               
107.80000305175781         -301.469                 
108.0                      -374.36337               
108.19999694824219         -418.12158               
108.40000915527344         -396.9392                
108.60000610351562         -443.12982               
108.80000305175781         -418.80707               
109.0                      -445.8899                
109.19999694824219         -422.29926               
109.40000915527344         -447.4734                
109.60000610351562         -507.25626               
109.80000305175781         -545.4525                
110.0                      -588.9482                
110.19999694824219         -696.3953                
110.40000915527344         -515.45233               
110.60000610351562         -483.24713               
110.80000305175781         -763.74384               
111.0                      -698.4238                
111.19999694824219         -853.91235               
111.40000915527344         -1100.0807               
111.60000610351562         -769.7902                
111.80000305175781         -964.63947               
112.0                      -1105.2701               
112.19999694824219         -1287.0259               
112.40000915527344         -973.7772                
112.60000610351562         -1939.8197               
112.80000305175781         -1119.3373               
113.0                      -1309.9226               
113.19999694824219         -1573.79                 
113.40000915527344         -1131.6582               
113.60000610351562         -1988.9524               
113.80000305175781         -3883.5366               
114.0                      -1333.4955               
114.19999694824219         -1592.0803               
114.40000915527344         -201986.8                
114.60000610351562         -2003.0697               
114.80000305175781         -2013.908                
115.0                      -2015.4966               
115.19999694824219         -2023.5105               
115.40000915527344         -4012.7986               
115.60000610351562         -1022.35986              
115.80000305175781         -2046.5519               
116.0                      -1649.743                
116.19999694824219         -1379.427                
116.40000915527344         -2068.699                
116.60000610351562         -1395.5198               
116.80000305175781         -2077.5083               
117.0                      -1657.5369               
117.19999694824219         -1188.5613               
117.40000915527344         -1185.6459               
117.60000610351562         -929.6244                
117.80000305175781         -2081.2263               
118.0                      -1044.889                
118.19999694824219         -1050.1078               
118.40000915527344         -933.2577                
118.60000610351562         -843.9552                
118.80000305175781         -1199.1821               
119.0                      -706.5205                
119.19999694824219         -843.1818                
119.40000915527344         -708.0737                
119.60000610351562         -770.1705                
119.80000305175781         -1064.1184               
120.0                      -500.9005                
120.19999694824219         -505.31622               
120.40000915527344         -656.3786                
120.60000610351562         -505.95795               
120.80000305175781         -570.1824                
121.0                      -454.03122               
121.19999694824219         -479.61725               
121.40000915527344         -454.91772               
121.60000610351562         -376.92133               
121.80000305175781         -456.49915               
122.0                      -458.58237               
122.19999694824219         -457.50613               
122.40000915527344         -396.78772               
122.60000610351562         -435.32434               
122.80000305175781         -381.61404               
123.0                      -381.258                 
123.19999694824219         -351.78827               
123.40000915527344         -382.54584               
123.60000610351562         -464.93307               
123.80000305175781         -383.41614               
124.0                      -353.7012                
124.19999694824219         -386.18832               
124.40000915527344         -356.95804               
124.60000610351562         -421.2036                
124.80000305175781         -433.10748               
125.0                      -407.2186                
125.19999694824219         -484.58704               
125.40000915527344         -413.7733                
125.60000610351562         -432.67618               
125.80000305175781         -434.3708                
126.0                      -493.46777               
126.19999694824219         -435.6448                
126.40000915527344         -440.37933               
126.60000610351562         -519.0141                
126.80000305175781         -547.7302                
127.0                      -438.90463               
127.19999694824219         -524.1065                
127.40000915527344         -550.18616               
127.60000610351562         -526.2516                
127.80000305175781         -581.5867                
128.0                      -528.0293                
128.1999969482422          -614.87604               
128.40000915527344         -555.37274               
128.60000610351562         -653.3564                
128.8000030517578          -617.30115               
129.0                      -694.64404               
129.1999969482422          -619.14624               
129.40000915527344         -656.2725                
129.60000610351562         -929.5631                
129.8000030517578          -859.51575               
130.0                      -1016.71924              
130.1999969482422          -931.7585                
130.40000915527344         -934.1446                
130.60000610351562         -1120.8276               
130.8000030517578          -1124.1431               
131.0                      -1602.0765               
131.1999969482422          -1406.8024               
131.40000915527344         -1871.6776               
131.60000610351562         -1252.8165               
131.8000030517578          -2803.8613               
132.0                      -1414.1167               
132.1999969482422          -1884.4377               
132.40000915527344         -2255.778                
132.60000610351562         -3741.5                  
132.8000030517578          -1620.8595               
133.0                      -5594.2856               
133.1999969482422          -1624.4894               
133.40000915527344         3868.006                 
133.60000610351562         -639.5411                
133.8000030517578          -1898.9305               
134.0                      -11027.223               
134.1999969482422          -2846.0767               
134.40000915527344         -11035.569               
134.60000610351562         -2849.461                
134.8000030517578          -291324.7                
135.0                      -1640.8123               
135.1999969482422          -5670.0845               
135.40000915527344         2923.0818                
135.60000610351562         -11127.241               
135.8000030517578          -2865.9395               
136.0                      -292986.34               
136.1999969482422          -1928.6028               
136.40000915527344         -3826.41                 
136.60000610351562         -2305.5452               
136.8000030517578          -11203.129               
137.0                      -969.3657                
137.1999969482422          -2322.4644               
137.40000915527344         -2321.1982               
137.60000610351562         -1666.6576               
137.8000030517578          -1939.6298               
138.0                      -1302.5527               
138.1999969482422          -3862.5671               
138.40000915527344         -1066.903                
138.60000610351562         -739.73004               
138.8000030517578          -2337.8494               
139.0                      -1954.4297               
139.1999969482422          -1074.5867               
139.40000915527344         -1308.6578               
139.60000610351562         -985.7307                
139.8000030517578          -846.93243               
140.0                      -627.42267               
140.1999969482422          -1076.449                
140.40000915527344         -625.3643                
140.60000610351562         -794.42334               
140.8000030517578          -661.81396               
141.0                      -703.2648                
141.1999969482422          -599.2213                
141.40000915527344         -664.9744                
141.60000610351562         -573.9745                
141.8000030517578          -571.8503                
142.0                      -600.70026               
142.1999969482422          -502.04968               
142.40000915527344         -603.4762                
142.60000610351562         -524.9598                
142.8000030517578          -576.0986                
143.0                      -577.0308                
143.1999969482422          -551.16943               
143.40000915527344         -528.02765               
143.60000610351562         -556.60956               
143.8000030517578          -468.55002               
144.0                      -529.8488                
144.1999969482422          -468.97006               
144.40000915527344         -530.7396                
144.60000610351562         -489.2751                
144.8000030517578          -510.11243               
145.0                      -471.8595                
145.1999969482422          -510.20645               
145.40000915527344         -561.07874               
145.60000610351562         -492.4067                
145.8000030517578          -441.53513               
146.0                      -514.43726               
146.1999969482422          -536.8154                
146.40000915527344         -494.68365               
146.60000610351562         -496.15845               
146.8000030517578          -590.0777                
147.0                      -517.4717                
147.1999969482422          -619.6992                
147.40000915527344         -565.03046               
147.60000610351562         -690.352                 
147.8000030517578          -565.27856               
148.0                      -594.737                 
148.1999969482422          -656.6675                
148.40000915527344         -625.7754                
148.60000610351562         -833.59625               
148.8000030517578          -659.4935                
149.0                      -737.624                 
149.1999969482422          -737.5706                
149.40000915527344         -837.62744               
149.60000610351562         -838.56775               
149.8000030517578          -899.5468                
150.0                      -900.19604               
150.1999969482422          -1144.4742               
150.40000915527344         -971.3129                
150.60000610351562         -1262.3093               
150.8000030517578          -1054.6976               
151.0                      -1151.082                
151.1999969482422          -1152.1155               
151.40000915527344         -1269.1213               
