% Title: Shot :        14526   11-Jun-2004 03:11:32 PM
-6.399997711181641         -1.3132                  
-6.200000762939453         -0.9959984               
-6.0                       0.19959927               
-5.799999237060547         0.90720177               
-5.599998474121094         1.1999989                
-5.399997711181641         -0.09319782              
-5.200000762939453         0.4436016                
-5.0                       -2.1916008               
-4.799999237060547         -1.2400007               
-4.599998474121094         -1.3132                  
-4.399997711181641         -0.89839935              
-4.200000762939453         0.9560013                
-4.0                       1.0048008                
-3.799999237060547         0.98040104               
-3.5999984741210938        0.6631994                
-3.3999977111816406        -0.9959984               
-3.200000762939453         -0.94719887              
-3.0                       -1.1423969               
-2.799999237060547         -0.9959984               
-2.5999984741210938        0.9560013                
-2.3999977111816406        1.1755991                
-2.200000762939453         1.2732029                
-2.0                       -0.556798                
-1.7999992370605469        0.5168009                
-1.5999984741210938        -0.72760105              
-1.3999977111816406        -0.89839935              
-1.2000007629394531        -0.8739996               
-1.0                       0.882802                 
-0.7999992370605469        1.0536003                
-0.5999984741210938        1.3220024                
-0.3999977111816406        1.4928007                
-0.20000076293945312       0.028800964              
0.0                        -2.850399                
0.20000076293945312        4.225602                 
0.40000152587890625        16.816002                
0.6000022888183594         25.9904                  
0.7999992370605469         29.357601                
1.0                        30.480001                
1.2000007629394531         29.869999                
1.4000015258789062         28.6256                  
1.6000022888183594         28.064402                
1.7999992370605469         27.4544                  
2.0                        27.2104                  
2.200000762939453          27.4788                  
2.4000015258789062         27.5276                  
2.6000022888183594         27.186                   
2.799999237060547          26.844402                
3.0                        24.8192                  
3.200000762939453          23.282001                
3.4000015258789062         22.550001                
3.6000022888183594         24.062801                
3.799999237060547          22.5988                  
4.0                        21.110401                
4.200000762939453          19.988                   
4.400001525878906          19.3536                  
4.600002288818359          19.426802                
4.799999237060547          19.9636                  
5.0                        17.4016                  
5.200000762939453          21.6716                  
5.400001525878906          19.207201                
5.600002288818359          18.0848                  
5.799999237060547          17.1332                  
6.0                        18.3288                  
6.200000762939453          15.303202                
6.400001525878906          15.474                   
6.600002288818359          19.426802                
6.799999237060547          16.816002                
7.0                        20.7932                  
7.200000762939453          16.2304                  
7.400001525878906          16.8404                  
7.600002288818359          16.816002                
7.799999237060547          9.886403                 
8.0                        14.180801                
8.200000762939453          14.8396015               
8.400001525878906          13.668402                
8.60000228881836           14.5224                  
8.799999237060547          14.864001                
9.0                        11.521201                
9.200000762939453          12.668001                
9.400001525878906          13.0584                  
9.60000228881836           10.008402                
9.799999237060547          15.303202                
10.0                       15.0348                  
10.200000762939453         3.1519985                
10.400001525878906         14.254                   
10.60000228881836          12.8388                  
10.799999237060547         13.2292                  
11.0                       12.253201                
11.200000762939453         14.912801                
11.400001525878906         15.474                   
11.60000228881836          15.474                   
11.799999237060547         8.764                    
12.0                       13.522                   
12.200000762939453         14.7176                  
12.400001525878906         13.1072                  
12.60000228881836          14.180801                
12.799999237060547         14.156401                
13.0                       14.449201                
13.200004577636719         12.204401                
13.400001525878906         14.742001                
13.599998474121094         15.156801                
13.800003051757812         14.107601                
14.0                       14.864001                
14.200004577636719         7.397599                 
14.400001525878906         13.400002                
14.599998474121094         14.595602                
14.800003051757812         13.400002                
15.0                       13.668402                
15.200004577636719         14.376001                
15.400001525878906         13.448801                
15.599998474121094         13.0828                  
15.800003051757812         13.131601                
16.0                       7.958803                 
16.20000457763672          12.741201                
16.400001525878906         13.375602                
16.599998474121094         13.302401                
16.800003051757812         11.423599                
17.0                       11.252802                
17.20000457763672          11.740801                
17.400001525878906         11.033201                
17.599998474121094         12.399599                
17.800003051757812         10.081601                
18.0                       11.545601                
18.20000457763672          11.936002                
18.400001525878906         11.862801                
18.599998474121094         10.984402                
18.800003051757812         9.2764                   
19.0                       6.6656017                
19.20000457763672          9.7156                   
19.400001525878906         11.6432                  
19.599998474121094         11.3992                  
19.800003051757812         11.496801                
20.0                       11.277201                
20.20000457763672          11.3748                  
20.400001525878906         11.033201                
20.599998474121094         11.3748                  
20.800003051757812         9.910803                 
21.0                       10.130401                
21.20000457763672          10.496402                
21.400001525878906         7.1536016                
21.599998474121094         9.496002                 
21.800003051757812         10.3988                  
22.0                       9.325199                 
22.20000457763672          10.008402                
22.400001525878906         10.032802                
22.599998474121094         9.7644                   
22.800003051757812         9.520402                 
23.0                       9.496002                 
23.20000457763672          9.593601                 
23.400001525878906         8.983603                 
23.599998474121094         8.9103985                
23.800003051757812         7.958803                 
24.0                       8.2516                   
24.20000457763672          7.397599                 
24.400001525878906         7.617202                 
24.599998474121094         8.007603                 
24.800003051757812         7.958803                 
25.0                       7.8124                   
25.20000457763672          7.2756004                
25.400001525878906         7.3                      
25.599998474121094         7.8124                   
25.800003051757812         6.8851995                
26.0                       5.8604                   
26.20000457763672          6.3728                   
26.400001525878906         7.1536016                
26.599998474121094         6.2264013                
26.800003051757812         6.055603                 
27.0                       6.275201                 
27.20000457763672          5.689602                 
27.400001525878906         4.9088                   
27.599998474121094         6.3728                   
27.800003051757812         6.3484                   
28.0                       6.4947987                
28.20000457763672          6.3484                   
28.400001525878906         7.495203                 
28.599998474121094         6.4215994                
28.800003051757812         6.080003                 
29.0                       6.055603                 
29.20000457763672          5.104003                 
29.400001525878906         5.1284027                
29.599998474121094         5.201602                 
29.800003051757812         5.3480005                
30.0                       5.689602                 
30.20000457763672          4.347601                 
30.400001525878906         4.250002                 
30.599998474121094         3.8108015                
30.800003051757812         3.8108015                
31.0                       4.2012024                
31.20000457763672          5.1284027                
31.400001525878906         5.4699993                
31.599998474121094         5.4455996                
31.800003051757812         5.689602                 
32.0                       5.323601                 
32.20000457763672          6.4215994                
32.400001525878906         4.5915985                
32.599998474121094         4.4939995                
32.80000305175781          4.9332                   
33.0                       4.8844004                
33.20000457763672          4.8844004                
33.400001525878906         4.6892023                
33.599998474121094         4.152403                 
33.80000305175781          4.4452                   
34.0                       3.4448004                
34.20000457763672          4.0059996                
34.400001525878906         3.5423994                
34.599998474121094         3.176403                 
34.80000305175781          4.811201                 
35.0                       5.104003                 
35.20000457763672          5.4455996                
35.400001525878906         4.7624016                
35.599998474121094         4.3964005                
35.80000305175781          4.542799                 
36.0                       4.225602                 
36.20000457763672          4.3720007                
36.400001525878906         4.3964005                
36.599998474121094         4.9088                   
36.80000305175781          3.9084005                
37.0                       4.0303993                
37.20000457763672          4.542799                 
37.400001525878906         3.1519985                
37.599998474121094         3.3228016                
37.80000305175781          3.4448004                
38.0                       3.5179996                
38.20000457763672          3.7132025                
38.400001525878906         5.1284027                
38.599998474121094         4.811201                 
38.80000305175781          4.7624016                
39.0                       4.250002                 
39.20000457763672          4.2744017                
39.400001525878906         4.2988014                
39.599998474121094         4.5183992                
39.80000305175781          4.3964005                
40.0                       4.4208                   
40.20000457763672          4.323201                 
40.400001525878906         4.128003                 
40.599998474121094         3.0543995                
40.80000305175781          1.2488031                
41.0                       10.594001                
41.20000457763672          19.866001                
41.400001525878906         25.6732                  
41.599998474121094         -3.5091972               
41.80000305175781          30.968                   
42.0                       24.4044                  
42.20000457763672          8.7152                   
42.400001525878906         34.2864                  
42.599998474121094         50.0                     
42.80000305175781          36.7996                  
43.0                       22.9404                  
43.20000457763672          15.815601                
43.400001525878906         13.644001                
43.599998474121094         11.862801                
43.80000305175781          11.692001                
44.0                       8.3004                   
44.20000457763672          8.007603                 
44.400001525878906         7.5440025                
44.599998474121094         6.9827986                
44.80000305175781          6.6656017                
45.0                       6.5680027                
45.20000457763672          5.518799                 
45.400001525878906         5.201602                 
45.599998474121094         6.3240004                
45.80000305175781          5.665202                 
46.0                       5.8604                   
46.20000457763672          6.153202                 
46.400001525878906         6.055603                 
46.599998474121094         6.1044025                
46.80000305175781          5.8604                   
47.0                       5.518799                 
47.20000457763672          2.5907993                
47.400001525878906         3.8840008                
47.599998474121094         3.9572                   
47.80000305175781          3.7376022                
48.0                       3.8840008                
48.20000457763672          3.9572                   
48.400001525878906         4.713602                 
48.599998474121094         4.152403                 
48.80000305175781          3.7376022                
49.0                       3.8352013                
49.20000457763672          4.4939995                
49.400001525878906         4.5671988                
49.599998474121094         4.542799                 
49.80000305175781          4.7624016                
50.0                       4.9819994                
50.20000457763672          4.152403                 
50.400001525878906         4.347601                 
50.599998474121094         3.274002                 
50.80000305175781          3.0299997                
51.0                       2.7860022                
51.20000457763672          3.0543995                
51.400001525878906         3.103199                 
51.599998474121094         3.6155987                
51.80000305175781          4.3964005                
52.0                       4.7624016                
52.20000457763672          4.323201                 
52.400001525878906         3.591199                 
52.599998474121094         3.762002                 
52.80000305175781          4.323201                 
53.0                       4.4452                   
53.20000457763672          4.3720007                
53.400001525878906         3.2008028                
53.599998474121094         3.591199                 
53.80000305175781          1.2243986                
54.0                       2.8348017                
54.20000457763672          2.5663996                
54.400001525878906         2.3712015                
54.599998474121094         2.712803                 
54.80000305175781          3.176403                 
55.0                       4.2012024                
55.20000457763672          4.079199                 
55.400001525878906         3.5423994                
55.599998474121094         2.6884031                
55.80000305175781          3.9084005                
56.0                       3.9328003                
56.20000457763672          3.7132025                
56.400001525878906         3.9815998                
56.599998474121094         4.347601                 
56.80000305175781          3.4692001                
57.0                       3.7376022                
57.20000457763672          1.9808006                
57.400001525878906         2.1271992                
57.599998474121094         2.1759987                
57.80000305175781          2.5176                   
58.0                       2.615199                 
58.20000457763672          0.80960274               
58.400001525878906         5.1284027                
58.599998474121094         4.6648026                
58.80000305175781          2.615199                 
59.0                       1.9808006                
59.20000457763672          1.3952017                
59.400001525878906         0.85840225               
59.599998474121094         0.6631994                
59.80000305175781          1.1267996                
60.0                       0.5168009                
60.20000457763672          2.224803                 
60.400001525878906         1.1999989                
60.599998474121094         -0.14199734              
60.80000305175781          0.05320072               
61.0                       -0.4835987               
61.20000457763672          -1.1179972               
61.400001525878906         -1.4595985               
61.599998474121094         0.49240112               
61.80000305175781          2.7372026                
62.0                       1.663599                 
62.20000457763672          0.785203                 
62.400001525878906         1.2488031                
62.599998474121094         0.9560013                
62.80000305175781          3.4204006                
63.0                       2.1759987                
63.20000457763672          1.9808006                
63.400001525878906         2.224803                 
63.599998474121094         1.6147995                
63.80000305175781          1.0536003                
64.0                       -0.1663971               
64.20000457763672          -0.6055975               
64.4000015258789           -0.7032013               
64.5999984741211           0.71199894               
64.80000305175781          0.37040234               
65.0                       1.1023998                
65.20000457763672          0.85840225               
65.4000015258789           1.468401                 
65.5999984741211           1.9320011                
65.80000305175781          0.9560013                
66.0                       0.3948021                
66.20000457763672          2.3712015                
66.4000015258789           2.0296001                
66.5999984741211           1.663599                 
66.80000305175781          1.6879988                
67.0                       1.3220024                
67.20000457763672          -0.21520138              
67.4000015258789           -0.11759758              
67.5999984741211           -0.45919895              
67.80000305175781          1.2732029                
68.0                       0.46800137               
68.20000457763672          0.15079975               
68.4000015258789           1.736803                 
68.5999984741211           2.6639986                
68.80000305175781          1.6879988                
69.0                       0.90720177               
69.20000457763672          0.8340025                
69.4000015258789           0.785203                 
69.5999984741211           2.3468018                
69.80000305175781          1.9564009                
70.0                       1.468401                 
70.20000457763672          1.0536003                
70.4000015258789           0.80960274               
70.5999984741211           0.41920185               
70.80000305175781          -0.50799847              
71.0                       -0.72760105              
71.20000457763672          0.85840225               
71.4000015258789           0.34600258               
71.5999984741211           -0.23960114              
71.80000305175781          1.0780001                
72.0                       0.7363987                
72.20000457763672          1.663599                 
72.4000015258789           1.3464022                
72.5999984741211           0.34600258               
72.80000305175781          1.4928007                
73.0                       1.6147995                
73.20000457763672          1.4196014                
73.4000015258789           0.9316015                
73.5999984741211           0.7363987                
73.80000305175781          0.7608032                
74.0                       0.05320072               
74.20000457763672          -0.94719887              
74.4000015258789           -1.2888002               
74.5999984741211           -0.28840065              
74.80000305175781          0.22399902               
75.0                       -0.23960114              
75.20000457763672          -0.01999855              
75.4000015258789           -0.5323982               
75.5999984741211           -0.556798                
75.80000305175781          1.1999989                
76.0                       -0.068798065             
76.20000457763672          1.1511993                
76.4000015258789           1.468401                 
76.5999984741211           1.1999989                
76.80000305175781          1.4440012                
77.0                       0.7608032                
77.19999694824219          -0.36159992              
77.40000915527344          -0.7520008               
77.60000610351562          -0.8739996               
77.80000305175781          -0.4835987               
78.0                       0.3948021                
78.19999694824219          -0.19079685              
78.40000915527344          -0.21520138              
78.60000610351562          -0.654397                
78.80000305175781          -0.8252001               
79.0                       -1.7768002               
79.19999694824219          -1.7280006               
79.40000915527344          -0.654397                
79.60000610351562          1.0780001                
79.80000305175781          0.54120064               
80.0                       0.8340025                
80.19999694824219          0.5168009                
80.40000915527344          0.17519951               
80.60000610351562          -0.11759758              
80.80000305175781          -1.0203981               
81.0                       -1.3375998               
81.19999694824219          -1.0691977               
81.40000915527344          -0.36159992              
81.60000610351562          -0.556798                
81.80000305175781          -0.068798065             
82.0                       -0.67879677              
82.19999694824219          -1.1179972               
82.40000915527344          -2.1428013               
82.60000610351562          -2.6796007               
82.80000305175781          -1.898799                
83.0                       0.24839878               
83.19999694824219          1.0292006                
83.40000915527344          -0.1663971               
83.60000610351562          -0.4835987               
83.80000305175781          -0.14199734              
84.0                       -0.5323982               
84.19999694824219          -1.4595985               
84.40000915527344          -1.9475985               
84.60000610351562          0.5656004                
84.80000305175781          -0.62999725              
85.0                       -0.044398308             
85.19999694824219          -0.5323982               
85.40000915527344          -1.1912012               
85.60000610351562          -2.2891998               
85.80000305175781          -2.655201                
86.0                       -2.8259993               
86.19999694824219          -1.5815973               
86.40000915527344          -2.2648                  
86.60000610351562          0.4436016                
86.80000305175781          0.63879967               
87.0                       -0.94719887              
87.19999694824219          -0.7032013               
87.40000915527344          -1.410799                
87.60000610351562          -1.8499994               
87.80000305175781          -0.62999725              
88.0                       -0.45919895              
88.19999694824219          -0.654397                
88.40000915527344          -0.8739996               
88.60000610351562          -1.3619995               
88.80000305175781          -1.3619995               
89.0                       -2.0207977               
89.19999694824219          -2.8747988               
89.40000915527344          -3.1920004               
89.60000610351562          -3.6312008               
89.80000305175781          -4.2167997               
90.0                       -2.9967976               
90.19999694824219          -0.89839935              
90.40000915527344          -1.8011999               
90.60000610351562          -0.62999725              
90.80000305175781          -2.0695972               
91.0                       -2.362399                
91.19999694824219          -2.4599981               
91.40000915527344          -2.9967976               
91.60000610351562          -2.8991985               
91.80000305175781          -1.0447979               
92.0                       -1.5571976               
92.19999694824219          -1.5571976               
92.40000915527344          -2.6308012               
92.60000610351562          -3.1920004               
92.80000305175781          -3.4847975               
93.0                       -3.9727974               
93.19999694824219          -4.411998                
93.40000915527344          -3.1920004               
93.60000610351562          -2.484398                
93.80000305175781          -4.094801                
94.0                       -0.67879677              
94.19999694824219          -1.8255997               
94.40000915527344          -3.2408                  
94.60000610351562          -3.045597                
94.80000305175781          -3.1432009               
95.0                       -1.8743992               
95.19999694824219          -1.4595985               
95.40000915527344          -2.2160006               
95.60000610351562          -3.2651997               
95.80000305175781          -2.8747988               
96.0                       -3.2408                  
96.19999694824219          -3.9483976               
96.40000915527344          -4.2655993               
96.60000610351562          -4.6316004               
96.80000305175781          -4.314399                
97.0                       -5.0952005               
97.19999694824219          -4.411998                
97.40000915527344          -4.3631983               
97.60000610351562          -5.1927996               
97.80000305175781          -4.656                   
98.0                       -5.3147984               
98.19999694824219          -5.9003973               
98.40000915527344          -6.510401                
98.60000610351562          -5.6807995               
98.80000305175781          -5.851598                
99.0                       -6.4371967               
99.19999694824219          -7.5352                  
99.40000915527344          -7.4131966               
99.60000610351562          -7.4864006               
99.80000305175781          -7.950001                
100.0                      -6.510401                
100.19999694824219         -7.0716                  
100.40000915527344         -8.0476                  
100.60000610351562         -6.2419987               
100.80000305175781         -6.0468006               
101.0                      -6.193199                
101.19999694824219         -4.948797                
101.40000915527344         -5.070801                
101.60000610351562         -2.6796007               
101.80000305175781         -3.8263988               
102.0                      -3.2164001               
102.19999694824219         -3.4115982               
102.40000915527344         -3.0943966               
102.60000610351562         -3.338399                
102.80000305175781         -3.2164001               
103.0                      -3.435998                
103.19999694824219         -3.3871984               
103.40000915527344         -3.2164001               
103.60000610351562         -3.1676006               
103.80000305175781         -3.2164001               
104.0                      -0.28840065              
104.19999694824219         -1.9231987               
104.40000915527344         -3.0211973               
104.60000610351562         -3.118801                
104.80000305175781         -2.6308012               
105.0                      -1.8743992               
105.19999694824219         -2.4111986               
105.40000915527344         -2.3867989               
105.60000610351562         -2.6063967               
105.80000305175781         -2.8259993               
106.0                      -3.0211973               
106.19999694824219         -2.8747988               
106.40000915527344         -3.0699968               
106.60000610351562         -3.045597                
106.80000305175781         -3.1920004               
107.0                      -3.606801                
107.19999694824219         -2.655201                
107.40000915527344         -2.3379993               
107.60000610351562         -1.898799                
107.80000305175781         -2.4599981               
108.0                      -2.1428013               
108.19999694824219         -2.362399                
108.40000915527344         -2.093997                
108.60000610351562         -2.2160006               
108.80000305175781         -2.5087976               
109.0                      -2.581997                
109.19999694824219         -2.581997                
109.40000915527344         -2.8015995               
109.60000610351562         -2.9235983               
109.80000305175781         -2.947998                
110.0                      -2.581997                
110.19999694824219         -2.9235983               
110.40000915527344         -3.4603977               
110.60000610351562         -1.7036009               
110.80000305175781         -2.0207977               
111.0                      -1.996398                
111.19999694824219         -2.2404003               
111.40000915527344         -2.2160006               
111.60000610351562         -2.2648                  
111.80000305175781         -2.2160006               
112.0                      -2.6063967               
112.19999694824219         -2.581997                
112.40000915527344         -2.5331974               
112.60000610351562         -2.6308012               
112.80000305175781         -2.7528                  
113.0                      -2.8747988               
113.19999694824219         -2.9723978               
113.40000915527344         -2.7040005               
113.60000610351562         -2.7771997               
113.80000305175781         -2.4111986               
114.0                      -2.3135996               
114.19999694824219         -1.7768002               
114.40000915527344         -2.2404003               
114.60000610351562         -2.0695972               
114.80000305175781         -2.2160006               
115.0                      -2.2160006               
115.19999694824219         -2.1428013               
115.40000915527344         -2.1183968               
115.60000610351562         -2.2891998               
115.80000305175781         -2.655201                
116.0                      -2.655201                
116.19999694824219         -2.7771997               
116.40000915527344         -2.8259993               
116.60000610351562         -2.6796007               
116.80000305175781         -2.0207977               
117.0                      -1.7768002               
117.19999694824219         -1.3619995               
117.40000915527344         -1.4351988               
117.60000610351562         -1.215601                
117.80000305175781         -1.2400007               
118.0                      -1.1179972               
118.19999694824219         -1.0691977               
118.40000915527344         -0.9959984               
118.60000610351562         -0.94719887              
118.80000305175781         -0.9227991               
119.0                      -0.84959984              
119.19999694824219         -0.77640057              
119.40000915527344         -0.8008003               
119.60000610351562         -0.7520008               
119.80000305175781         -0.7032013               
120.0                      -0.67879677              
120.19999694824219         -0.654397                
120.40000915527344         -0.62999725              
120.60000610351562         -0.6055975               
120.80000305175781         -0.556798                
121.0                      -0.556798                
121.19999694824219         -0.556798                
121.40000915527344         -0.5323982               
121.60000610351562         -0.5323982               
121.80000305175781         -0.556798                
122.0                      -0.45919895              
122.19999694824219         -0.45919895              
122.40000915527344         -0.45919895              
122.60000610351562         -0.4347992               
122.80000305175781         -0.4347992               
123.0                      -0.41039944              
123.19999694824219         -0.41039944              
123.40000915527344         -0.33720016              
123.60000610351562         -0.4347992               
123.80000305175781         -0.36159992              
124.0                      -0.38599968              
124.19999694824219         -0.36159992              
124.40000915527344         -0.36159992              
124.60000610351562         -0.38599968              
124.80000305175781         -0.38599968              
125.0                      -0.33720016              
125.19999694824219         -0.33720016              
125.40000915527344         -0.28840065              
125.60000610351562         -0.38599968              
125.80000305175781         -0.28840065              
126.0                      -0.33720016              
126.19999694824219         -0.33720016              
126.40000915527344         -0.33720016              
126.60000610351562         -0.28840065              
126.80000305175781         -0.36159992              
127.0                      -0.33720016              
127.19999694824219         -0.3128004               
127.40000915527344         -0.3128004               
127.60000610351562         -0.28840065              
127.80000305175781         -0.28840065              
128.0                      -0.3128004               
128.1999969482422          -0.3128004               
128.40000915527344         -0.28840065              
128.60000610351562         -0.23960114              
128.8000030517578          -0.33720016              
129.0                      -0.2640009               
129.1999969482422          -0.3128004               
129.40000915527344         -0.28840065              
129.60000610351562         -0.28840065              
129.8000030517578          -0.28840065              
130.0                      -0.28840065              
130.1999969482422          -0.28840065              
130.40000915527344         -0.2640009               
130.60000610351562         -0.2640009               
130.8000030517578          -0.2640009               
131.0                      -0.2640009               
131.1999969482422          -0.28840065              
131.40000915527344         -0.2640009               
131.60000610351562         -0.2640009               
131.8000030517578          -0.3128004               
132.0                      -0.2640009               
132.1999969482422          -0.2640009               
132.40000915527344         -0.28840065              
132.60000610351562         -0.23960114              
132.8000030517578          -0.23960114              
133.0                      -0.2640009               
133.1999969482422          -0.2640009               
133.40000915527344         -0.2640009               
133.60000610351562         -0.2640009               
133.8000030517578          -0.23960114              
134.0                      -0.23960114              
134.1999969482422          -0.23960114              
134.40000915527344         -0.28840065              
134.60000610351562         -0.2640009               
134.8000030517578          -0.2640009               
135.0                      -0.2640009               
135.1999969482422          -0.21520138              
135.40000915527344         -0.2640009               
135.60000610351562         -0.2640009               
135.8000030517578          -0.2640009               
136.0                      -0.23960114              
136.1999969482422          -0.2640009               
136.40000915527344         -0.23960114              
136.60000610351562         -0.21520138              
136.8000030517578          -0.2640009               
137.0                      -0.2640009               
137.1999969482422          -0.21520138              
137.40000915527344         -0.2640009               
137.60000610351562         -0.2640009               
137.8000030517578          -0.2640009               
138.0                      -0.2640009               
138.1999969482422          -0.28840065              
138.40000915527344         -0.23960114              
138.60000610351562         -0.19079685              
138.8000030517578          -0.23960114              
139.0                      -0.23960114              
139.1999969482422          -0.21520138              
139.40000915527344         -0.2640009               
139.60000610351562         -0.21520138              
139.8000030517578          -0.21520138              
140.0                      -0.23960114              
140.1999969482422          -0.21520138              
140.40000915527344         -0.21520138              
140.60000610351562         -0.21520138              
140.8000030517578          -0.21520138              
141.0                      -0.21520138              
141.1999969482422          -0.2640009               
141.40000915527344         -0.21520138              
141.60000610351562         -0.19079685              
141.8000030517578          -0.23960114              
142.0                      -0.23960114              
142.1999969482422          -0.19079685              
142.40000915527344         -0.23960114              
142.60000610351562         -0.21520138              
142.8000030517578          -0.21520138              
143.0                      -0.19079685              
143.1999969482422          -0.19079685              
143.40000915527344         -0.19079685              
143.60000610351562         -0.1663971               
143.8000030517578          -0.19079685              
144.0                      -0.21520138              
144.1999969482422          -0.21520138              
144.40000915527344         -0.23960114              
144.60000610351562         -0.23960114              
144.8000030517578          -0.21520138              
145.0                      -0.21520138              
145.1999969482422          -0.23960114              
145.40000915527344         -0.23960114              
145.60000610351562         -0.21520138              
145.8000030517578          -0.23960114              
146.0                      -0.21520138              
146.1999969482422          -0.19079685              
146.40000915527344         -0.21520138              
146.60000610351562         -0.1663971               
146.8000030517578          -0.19079685              
147.0                      -0.21520138              
147.1999969482422          -0.1663971               
147.40000915527344         -0.21520138              
147.60000610351562         -0.21520138              
147.8000030517578          -0.23960114              
148.0                      -0.19079685              
148.1999969482422          -0.21520138              
148.40000915527344         -0.21520138              
148.60000610351562         -0.1663971               
148.8000030517578          -0.19079685              
149.0                      -0.19079685              
149.1999969482422          -0.21520138              
149.40000915527344         -0.19079685              
149.60000610351562         -0.21520138              
149.8000030517578          -0.21520138              
150.0                      -0.21520138              
150.1999969482422          -0.21520138              
150.40000915527344         -0.21520138              
150.60000610351562         -0.21520138              
150.8000030517578          -0.19079685              
151.0                      -0.23960114              
151.1999969482422          -0.21520138              
151.40000915527344         -0.21520138              
