% Title: C3
-6.399997711181641         0.0068798065             
-6.210200787               0.0
-6.007760048               0.0
-5.799999237060547         0.001999855              
-5.599998474121094         0.004439831              
-5.400437832               0.0
-5.200000762939453         0.004439831              
-5.0                       0.001999855              
-4.799999237060547         0.009319782              
-4.599998474121094         0.011759758              
-4.399997711181641         0.0068798065             
-4.200000762939453         0.0068798065             
-4.0                       0.0068798065             
-3.799999237060547         0.0068798065             
-3.5999984741210938        0.0068798065             
-3.3999977111816406        0.009319782              
-3.200000762939453         0.0068798065             
-3.0                       0.004439831              
-2.799999237060547         0.009319782              
-2.602878571               0.0
-2.3999977111816406        0.004439831              
-2.200000762939453         0.0068798065             
-2.0                       0.0068798065             
-1.7999992370605469        0.009319782              
-1.5999984741210938        0.011759758              
-1.3999977111816406        0.014199734              
-1.2000007629394531        0.011759758              
-1.000440121               0.0
-0.7999992370605469        0.004439831              
-0.5999984741210938        0.0068798065             
-0.3999977111816406        0.0068798065             
-0.20000076293945312       0.014199734              
0.0                        0.0068798065             
0.20000076293945312        0.011759758              
0.40000152587890625        0.001999855              
0.6000022888183594         0.009319782              
0.7999992370605469         0.01663971               
1.0                        0.009319782              
1.2000007629394531         0.038599968              
1.4000015258789062         0.18255997               
1.6000022888183594         0.36312008               
1.7999992370605469         0.5046401                
2.0                        0.6486001                
2.200000762939453          0.6290798                
2.4000015258789062         0.6949601                
2.6000022888183594         0.6608                   
2.799999237060547          0.65836                  
3.0                        0.5851598                
3.200000762939453          1.0511999                
3.4000015258789062         1.09512                  
3.6000022888183594         0.9755597                
3.799999237060547          0.65592                  
4.0                        0.8145199                
4.200000762939453          0.7291198                
4.400001525878906          0.5949197                
4.600002288818359          0.5729599                
4.799999237060547          0.66567993               
5.0                        0.6193199                
5.200000762939453          0.5729599                
5.400001525878906          0.68519974               
5.600002288818359          0.5924797                
5.799999237060547          0.5949197                
6.0                        0.5802798                
6.200000762939453          0.6437197                
6.400001525878906          0.7291198                
6.600002288818359          0.68519974               
6.799999237060547          0.65836                  
7.0                        0.7096                   
7.200000762939453          0.6217599                
7.400001525878906          0.67299986               
7.600002288818359          0.65836                  
7.799999237060547          0.68275976               
8.0                        0.70472                  
8.200000762939453          0.57783985               
8.400001525878906          0.8242798                
8.60000228881836           0.8413601                
8.799999237060547          0.5924797                
9.0                        1.2195597                
9.200000762939453          0.75108004               
9.400001525878906          0.39727974               
9.60000228881836           0.73155975               
9.799999237060547          0.55588007               
10.0                       0.6461601                
10.200000762939453         1.3122797                
10.400001525878906         0.60712004               
10.60000228881836          0.75108004               
10.799999237060547         0.43143988               
11.0                       0.69984007               
11.200000762939453         0.48511982               
11.400001525878906         0.52171993               
11.60000228881836          0.5265999                
11.799999237060547         0.8340397                
12.0                       0.38507986               
12.200000762939453         0.55832005               
12.400001525878906         0.53879976               
12.60000228881836          0.47535992               
12.799999237060547         0.63639975               
13.0                       0.7632799                
13.200004577636719         0.27771997               
13.400001525878906         0.34115982               
13.599998474121094         0.42411995               
13.800003051757812         0.48023987               
14.0                       0.4875598                
14.200004577636719         0.6510401                
14.400001525878906         0.32895994               
14.599998474121094         0.41192007               
14.800003051757812         0.47535992               
15.0                       0.46072006               
15.200004577636719         0.4558401                
15.400001525878906         0.56807995               
15.599998474121094         0.4021597                
15.800003051757812         0.42167997               
16.0                       0.49243975               
16.20000457763672          0.27040005               
16.400001525878906         0.32408                  
16.599998474121094         0.3143201                
16.800003051757812         0.36800003               
17.0                       0.39483976               
17.20000457763672          0.3118801                
17.400001525878906         0.3118801                
17.599998474121094         0.3143201                
17.800003051757812         0.26796007               
18.0                       0.3045597                
18.20000457763672          0.28991985               
18.400001525878906         0.29235983               
18.599998474121094         0.32164                  
18.800003051757812         0.34603977               
19.0                       0.5827198                
19.20000457763672          0.3143201                
19.400001525878906         0.34115982               
19.599998474121094         0.30699968               
19.800003051757812         0.28991985               
20.0                       0.24355984               
20.20000457763672          0.26308012               
20.400001525878906         0.33139992               
20.599998474121094         0.29235983               
20.800003051757812         0.3118801                
21.0                       0.26063967               
21.20000457763672          0.24355984               
21.400001525878906         0.48511982               
21.599998474121094         0.32164                  
21.800003051757812         0.25331974               
22.0                       0.23623991               
22.20000457763672          0.1898799                
22.400001525878906         0.2655201                
22.599998474121094         0.24599981               
22.800003051757812         0.2093997                
23.0                       0.29723978               
23.20000457763672          0.17036009               
23.400001525878906         0.26063967               
23.599998474121094         0.22648                  
23.800003051757812         0.22404003               
24.0                       0.18499994               
24.20000457763672          0.25087976               
24.400001525878906         0.23379993               
24.599998474121094         0.22648                  
24.800003051757812         0.18743992               
25.0                       0.30699968               
25.20000457763672          0.3143201                
25.400001525878906         0.2850399                
25.599998474121094         0.26308012               
25.800003051757812         0.38263988               
26.0                       0.38507986               
26.20000457763672          0.34603977               
26.400001525878906         0.41924                  
26.599998474121094         0.34115982               
26.800003051757812         0.41436005               
27.0                       0.31920004               
27.20000457763672          0.31920004               
27.400001525878906         0.37287998               
27.599998474121094         0.3118801                
27.800003051757812         0.33627987               
28.0                       0.32164                  
28.20000457763672          0.42655993               
28.400001525878906         0.3435998                
28.599998474121094         0.31676006               
28.800003051757812         0.42411995               
29.0                       0.3899598                
29.20000457763672          0.37775993               
29.400001525878906         0.39727974               
29.599998474121094         0.37044                  
29.800003051757812         0.41192007               
30.0                       0.3435998                
30.20000457763672          0.4558401                
30.400001525878906         0.4094801                
30.599998474121094         0.4558401                
30.800003051757812         0.38507986               
31.0                       0.36800003               
31.20000457763672          0.44119978               
31.400001525878906         0.38263988               
31.599998474121094         0.51684                  
31.800003051757812         0.46804                  
32.0                       0.54855967               
32.20000457763672          0.49487972               
32.400001525878906         0.55832005               
32.599998474121094         0.5705199                
32.80000305175781          0.51927996               
33.0                       0.6022401                
33.20000457763672          0.5827198                
33.400001525878906         0.50952005               
33.599998474121094         0.56076                  
33.80000305175781          0.5851598                
34.0                       0.5070801                
34.20000457763672          0.5339198                
34.400001525878906         0.39971972               
34.599998474121094         0.46804                  
34.80000305175781          0.44363976               
35.0                       0.53147984               
35.20000457763672          0.4875598                
35.400001525878906         0.55588007               
35.599998474121094         0.44363976               
35.80000305175781          0.53879976               
36.0                       0.5144                   
36.20000457763672          0.4387598                
36.400001525878906         0.44119978               
36.599998474121094         0.61443996               
36.80000305175781          0.48999977               
37.0                       0.46072006               
37.20000457763672          0.52171993               
37.400001525878906         0.60956                  
37.599998474121094         0.4582801                
37.80000305175781          0.5022001                
38.0                       0.49975967               
38.20000457763672          0.42411995               
38.400001525878906         0.52171993               
38.599998474121094         0.5046401                
38.80000305175781          0.5363598                
39.0                       0.5022001                
39.20000457763672          0.3923998                
39.400001525878906         0.52903986               
39.599998474121094         0.59003973               
39.80000305175781          0.5339198                
40.0                       0.62663984               
40.20000457763672          0.45339966               
40.400001525878906         0.6388397                
40.599998474121094         0.5510001                
40.80000305175781          0.74864006               
41.0                       4.9917994                
41.20000457763672          4.36228                  
41.400001525878906         4.9917994                
41.599998474121094         4.9917994                
41.80000305175781          3.6253996                
42.0                       4.9625196                
42.20000457763672          4.9917994                
42.400001525878906         3.7718                   
42.599998474121094         4.9917994                
42.80000305175781          2.3322                   
43.0                       0.5241599                
43.20000457763672          0.5241599                
43.400001525878906         0.49243975               
43.599998474121094         0.2947998                
43.80000305175781          0.27284002               
44.0                       0.20207977               
44.20000457763672          0.30211973               
44.400001525878906         0.25331974               
44.599998474121094         0.21916008               
44.80000305175781          0.18255997               
45.0                       0.17524004               
45.20000457763672          0.12400007               
45.400001525878906         0.10447979               
45.599998474121094         0.10935974               
45.80000305175781          0.102039814              
46.0                       0.08252001               
46.20000457763672          0.08008003               
46.400001525878906         0.07520008               
46.599998474121094         0.06055975               
46.80000305175781          0.062999725              
47.0                       0.036159992              
47.20000457763672          0.03128004               
47.400001525878906         0.033720016              
47.599998474121094         0.038599968              
47.80000305175781          0.01663971               
48.0                       0.021520138              
48.20000457763672          0.014199734              
48.400001525878906         0.021520138              
48.599998474121094         0.02640009               
48.80000305175781          0.03128004               
49.0                       0.014199734              
49.20000457763672          0.01663971               
49.400001525878906         0.028840065              
49.599998474121094         0.011759758              
49.80000305175781          0.014199734              
50.0                       0.01663971               
50.20000457763672          0.004439831              
50.400001525878906         0.02640009               
50.599998474121094         0.014199734              
50.80000305175781          0.004439831              
51.0                       0.014199734              
51.20000457763672          0.009319782              
51.400001525878906         0.0068798065             
51.599998474121094         0.014199734              
51.80000305175781          0.004439831              
52.0                       0.0068798065             
52.20000457763672          0.004439831              
52.400001525878906         0.004439831              
52.599998474121094         0.009319782              
52.80000305175781          0.011759758              
53.0                       0.004439831              
53.20000457763672          0.004439831              
53.400001525878906         0.004439831              
53.599998474121094         0.001999855              
53.80000305175781          0.004439831              
54.0                       0.001999855              
54.20000457763672          0.009319782              
54.400001525878906         0.0068798065             
54.599998474121094         0.009319782              
54.80000305175781          0.0068798065             
55.0                       -0.010200024             
55.20000457763672          0.009319782              
55.400001525878906         0.009319782              
55.599998474121094         0.014199734              
55.80000305175781          0.0068798065             
56.0                       0.009319782              
56.20000457763672          0.009319782              
56.400001525878906         0.001999855              
56.599998474121094         0.0068798065             
56.80000305175781          0.004439831              
57.0                       0.0068798065             
57.20000457763672          0.014199734              
57.400001525878906         -4.401207E-4             
57.599998474121094         0.014199734              
57.80000305175781          0.001999855              
58.0                       0.0068798065             
58.20000457763672          -0.0028800964            
58.400001525878906         0.001999855              
58.599998474121094         0.004439831              
58.80000305175781          -4.401207E-4             
59.0                       0.019079685              
59.20000457763672          0.004439831              
59.400001525878906         0.0068798065             
59.599998474121094         0.0068798065             
59.80000305175781          0.014199734              
60.0                       0.009319782              
60.20000457763672          0.0068798065             
60.400001525878906         0.011759758              
60.599998474121094         0.0068798065             
60.80000305175781          0.004439831              
61.0                       0.0068798065             
61.20000457763672          0.0068798065             
61.400001525878906         0.004439831              
61.599998474121094         0.014199734              
61.80000305175781          -0.005320072             
62.0                       0.0068798065             
62.20000457763672          0.01663971               
62.400001525878906         0.0068798065             
62.599998474121094         0.0068798065             
62.80000305175781          -0.015079975             
63.0                       0.0068798065             
63.20000457763672          0.004439831              
63.400001525878906         0.0068798065             
63.599998474121094         0.0068798065             
63.80000305175781          0.0068798065             
64.0                       0.011759758              
64.20000457763672          0.001999855              
64.4000015258789           0.004439831              
64.5999984741211           0.009319782              
64.80000305175781          0.001999855              
65.0                       0.0068798065             
65.20000457763672          0.004439831              
65.4000015258789           0.004439831              
65.5999984741211           0.004439831              
65.80000305175781          0.0068798065             
66.0                       0.0068798065             
66.20000457763672          0.0068798065             
66.4000015258789           0.004439831              
66.5999984741211           0.009319782              
66.80000305175781          0.004439831              
67.0                       0.009319782              
67.20000457763672          0.004439831              
67.4000015258789           0.009319782              
67.5999984741211           0.009319782              
67.80000305175781          0.004439831              
68.0                       0.0068798065             
68.20000457763672          0.0068798065             
68.4000015258789           0.009319782              
68.5999984741211           0.004439831              
68.80000305175781          0.004439831              
69.0                       0.0068798065             
69.20000457763672          0.0068798065             
69.4000015258789           0.014199734              
69.5999984741211           0.0068798065             
69.80000305175781          0.01663971               
70.0                       0.009319782              
70.20000457763672          0.009319782              
70.4000015258789           0.021520138              
70.5999984741211           0.011759758              
70.80000305175781          0.004439831              
71.0                       0.0068798065             
71.20000457763672          0.009319782              
71.4000015258789           0.0068798065             
71.5999984741211           0.021520138              
71.80000305175781          0.01663971               
72.0                       0.009319782              
72.20000457763672          0.014199734              
72.4000015258789           0.011759758              
72.5999984741211           0.009319782              
72.80000305175781          0.0068798065             
73.0                       0.001999855              
73.20000457763672          0.004439831              
73.4000015258789           0.001999855              
73.5999984741211           0.001999855              
73.80000305175781          0.009319782              
74.0                       0.004439831              
74.20000457763672          0.011759758              
74.4000015258789           0.0068798065             
74.5999984741211           0.009319782              
74.80000305175781          0.0068798065             
75.0                       0.0068798065             
75.20000457763672          0.0068798065             
75.4000015258789           0.0068798065             
75.5999984741211           0.004439831              
75.80000305175781          0.0068798065             
76.0                       0.001999855              
76.20000457763672          0.009319782              
76.4000015258789           0.0068798065             
76.5999984741211           0.009319782              
76.80000305175781          -4.401207E-4             
77.0                       0.0068798065             
77.19999694824219          0.001999855              
77.40000915527344          0.004439831              
77.60000610351562          0.0068798065             
77.80000305175781          0.001999855              
78.0                       0.004439831              
78.19999694824219          -4.401207E-4             
78.40000915527344          0.009319782              
78.60000610351562          0.0068798065             
78.80000305175781          0.009319782              
79.0                       0.004439831              
79.19999694824219          0.011759758              
79.40000915527344          0.0068798065             
79.60000610351562          0.0068798065             
79.80000305175781          0.009319782              
80.0                       0.009319782              
80.19999694824219          0.004439831              
80.40000915527344          0.0068798065             
80.60000610351562          0.001999855              
80.80000305175781          0.0068798065             
81.0                       0.004439831              
81.19999694824219          0.009319782              
81.40000915527344          0.0068798065             
81.60000610351562          0.004439831              
81.80000305175781          -0.005320072             
82.0                       0.001999855              
82.19999694824219          0.009319782              
82.40000915527344          0.004439831              
82.60000610351562          0.009319782              
82.80000305175781          -4.401207E-4             
83.0                       0.009319782              
83.19999694824219          0.009319782              
83.40000915527344          0.0068798065             
83.60000610351562          0.0068798065             
83.80000305175781          0.009319782              
84.0                       0.004439831              
84.19999694824219          0.0068798065             
84.40000915527344          0.004439831              
84.60000610351562          0.009319782              
84.80000305175781          0.0068798065             
85.0                       0.009319782              
85.19999694824219          0.001999855              
85.40000915527344          0.0068798065             
85.60000610351562          0.004439831              
85.80000305175781          0.004439831              
86.0                       0.004439831              
86.19999694824219          0.0068798065             
86.40000915527344          0.014199734              
86.60000610351562          0.004439831              
86.80000305175781          0.001999855              
87.0                       0.0068798065             
87.19999694824219          0.0068798065             
87.40000915527344          0.009319782              
87.60000610351562          0.004439831              
87.80000305175781          0.0068798065             
88.0                       0.009319782              
88.19999694824219          0.0068798065             
88.40000915527344          0.014199734              
88.60000610351562          0.0068798065             
88.80000305175781          0.009319782              
89.0                       0.0068798065             
89.19999694824219          0.009319782              
89.40000915527344          0.004439831              
89.60000610351562          0.009319782              
89.80000305175781          0.004439831              
90.0                       0.001999855              
90.19999694824219          0.011759758              
90.40000915527344          0.004439831              
90.60000610351562          0.001999855              
90.80000305175781          0.014199734              
91.0                       0.0068798065             
91.19999694824219          0.0068798065             
91.40000915527344          0.0068798065             
91.60000610351562          0.004439831              
91.80000305175781          0.009319782              
92.0                       0.001999855              
92.19999694824219          0.004439831              
92.40000915527344          0.004439831              
92.60000610351562          0.014199734              
92.80000305175781          0.004439831              
93.0                       0.004439831              
93.19999694824219          0.004439831              
93.40000915527344          0.004439831              
93.60000610351562          0.004439831              
93.80000305175781          0.0068798065             
94.0                       0.004439831              
94.19999694824219          -4.401207E-4             
94.40000915527344          0.014199734              
94.60000610351562          0.0068798065             
94.80000305175781          0.004439831              
95.0                       0.004439831              
95.19999694824219          0.0068798065             
95.40000915527344          -0.010200024             
95.60000610351562          0.0068798065             
95.80000305175781          0.004439831              
96.0                       0.009319782              
96.19999694824219          0.001999855              
96.40000915527344          0.0068798065             
96.60000610351562          0.004439831              
96.80000305175781          0.0068798065             
97.0                       -0.0028800964            
97.19999694824219          0.0068798065             
97.40000915527344          0.009319782              
97.60000610351562          0.004439831              
97.80000305175781          0.009319782              
98.0                       0.004439831              
98.19999694824219          0.009319782              
98.40000915527344          0.004439831              
98.60000610351562          0.0068798065             
98.80000305175781          0.009319782              
99.0                       0.004439831              
99.19999694824219          0.0068798065             
99.40000915527344          0.004439831              
99.60000610351562          0.009319782              
99.80000305175781          0.0068798065             
100.0                      0.009319782              
100.19999694824219         0.0068798065             
100.40000915527344         0.009319782              
100.60000610351562         0.009319782              
100.80000305175781         -0.0028800964            
101.0                      0.0068798065             
101.19999694824219         0.001999855              
101.40000915527344         0.0068798065             
101.60000610351562         0.004439831              
101.80000305175781         0.0068798065             
102.0                      0.01663971               
102.19999694824219         0.009319782              
102.40000915527344         0.009319782              
102.60000610351562         0.009319782              
102.80000305175781         0.0068798065             
103.0                      0.009319782              
103.19999694824219         0.009319782              
103.40000915527344         0.0068798065             
103.60000610351562         0.009319782              
103.80000305175781         0.0068798065             
104.0                      0.004439831              
104.19999694824219         0.001999855              
104.40000915527344         0.009319782              
104.60000610351562         0.004439831              
104.80000305175781         0.009319782              
105.0                      0.0068798065             
105.19999694824219         0.009319782              
105.40000915527344         0.009319782              
105.60000610351562         0.009319782              
105.80000305175781         0.004439831              
106.0                      0.0068798065             
106.19999694824219         0.009319782              
106.40000915527344         0.009319782              
106.60000610351562         0.004439831              
106.80000305175781         0.014199734              
107.0                      0.004439831              
107.19999694824219         0.009319782              
107.40000915527344         0.0068798065             
107.60000610351562         0.004439831              
107.80000305175781         0.009319782              
108.0                      0.004439831              
108.19999694824219         0.009319782              
108.40000915527344         0.009319782              
108.60000610351562         0.0068798065             
108.80000305175781         0.0068798065             
109.0                      0.009319782              
109.19999694824219         0.009319782              
109.40000915527344         0.009319782              
109.60000610351562         0.0068798065             
109.80000305175781         0.0068798065             
110.0                      0.0068798065             
110.19999694824219         0.009319782              
110.40000915527344         0.0068798065             
110.60000610351562         0.001999855              
110.80000305175781         0.004439831              
111.0                      0.004439831              
111.19999694824219         0.0068798065             
111.40000915527344         0.0068798065             
111.60000610351562         0.001999855              
111.80000305175781         0.009319782              
112.0                      0.009319782              
112.19999694824219         0.0068798065             
112.40000915527344         0.0068798065             
112.60000610351562         0.009319782              
112.80000305175781         0.001999855              
113.0                      0.0068798065             
113.19999694824219         0.009319782              
113.40000915527344         0.0068798065             
113.60000610351562         0.0068798065             
113.80000305175781         0.0068798065             
114.0                      0.0068798065             
114.19999694824219         0.004439831              
114.40000915527344         0.014199734              
114.60000610351562         0.004439831              
114.80000305175781         0.0068798065             
115.0                      0.0068798065             
115.19999694824219         0.004439831              
115.40000915527344         0.009319782              
115.60000610351562         0.001999855              
115.80000305175781         0.0068798065             
116.0                      0.0068798065             
116.19999694824219         0.004439831              
116.40000915527344         0.009319782              
116.60000610351562         0.001999855              
116.80000305175781         0.0068798065             
117.0                      0.004439831              
117.19999694824219         0.004439831              
117.40000915527344         0.001999855              
117.60000610351562         0.009319782              
117.80000305175781         0.011759758              
118.0                      0.0068798065             
118.19999694824219         0.0068798065             
118.40000915527344         0.0068798065             
118.60000610351562         0.009319782              
118.80000305175781         0.0068798065             
119.0                      0.004439831              
119.19999694824219         0.009319782              
119.40000915527344         0.0068798065             
119.60000610351562         0.0068798065             
119.80000305175781         0.009319782              
120.0                      0.001999855              
120.19999694824219         0.009319782              
120.40000915527344         0.009319782              
120.60000610351562         0.0068798065             
120.80000305175781         0.009319782              
121.0                      0.0068798065             
121.19999694824219         0.009319782              
121.40000915527344         0.0068798065             
121.60000610351562         0.001999855              
121.80000305175781         0.009319782              
122.0                      0.011759758              
122.19999694824219         0.0068798065             
122.40000915527344         0.004439831              
122.60000610351562         0.0068798065             
122.80000305175781         0.009319782              
123.0                      0.009319782              
123.19999694824219         0.0068798065             
123.40000915527344         0.004439831              
123.60000610351562         0.01663971               
123.80000305175781         0.0068798065             
124.0                      0.004439831              
124.19999694824219         0.009319782              
124.40000915527344         0.001999855              
124.60000610351562         0.009319782              
124.80000305175781         0.0068798065             
125.0                      0.0068798065             
125.19999694824219         0.009319782              
125.40000915527344         0.0068798065             
125.60000610351562         0.0068798065             
125.80000305175781         0.0068798065             
126.0                      0.011759758              
126.19999694824219         0.004439831              
126.40000915527344         -0.005320072             
126.60000610351562         0.0068798065             
126.80000305175781         0.009319782              
127.0                      0.0068798065             
127.19999694824219         0.0068798065             
127.40000915527344         0.0068798065             
127.60000610351562         0.009319782              
127.80000305175781         0.0068798065             
128.0                      0.0068798065             
128.1999969482422          0.004439831              
128.40000915527344         0.011759758              
128.60000610351562         0.009319782              
128.8000030517578          0.009319782              
129.0                      0.0068798065             
129.1999969482422          0.0068798065             
129.40000915527344         0.004439831              
129.60000610351562         0.009319782              
129.8000030517578          0.0068798065             
130.0                      0.0068798065             
130.1999969482422          0.0068798065             
130.40000915527344         0.0068798065             
130.60000610351562         0.009319782              
130.8000030517578          0.009319782              
131.0                      0.009319782              
131.1999969482422          0.004439831              
131.40000915527344         0.009319782              
131.60000610351562         0.004439831              
131.8000030517578          0.009319782              
132.0                      0.004439831              
132.1999969482422          0.014199734              
132.40000915527344         0.0068798065             
132.60000610351562         0.009319782              
132.8000030517578          0.004439831              
133.0                      0.0068798065             
133.1999969482422          0.001999855              
133.40000915527344         0.001999855              
133.60000610351562         0.004439831              
133.8000030517578          0.004439831              
134.0                      0.001999855              
134.1999969482422          0.004439831              
134.40000915527344         0.0068798065             
134.60000610351562         0.0068798065             
134.8000030517578          0.009319782              
135.0                      0.001999855              
135.1999969482422          0.0068798065             
135.40000915527344         0.01663971               
135.60000610351562         0.009319782              
135.8000030517578          0.0068798065             
136.0                      0.0068798065             
136.1999969482422          0.001999855              
136.40000915527344         0.004439831              
136.60000610351562         0.004439831              
136.8000030517578          0.009319782              
137.0                      -4.401207E-4             
137.1999969482422          0.0068798065             
137.40000915527344         0.004439831              
137.60000610351562         0.0068798065             
137.8000030517578          0.0068798065             
138.0                      0.004439831              
138.1999969482422          0.009319782              
138.40000915527344         0.0068798065             
138.60000610351562         0.0068798065             
138.8000030517578          0.0068798065             
139.0                      0.009319782              
139.1999969482422          0.001999855              
139.40000915527344         0.009319782              
139.60000610351562         0.0068798065             
139.8000030517578          0.004439831              
140.0                      0.001999855              
140.1999969482422          0.0068798065             
140.40000915527344         0.004439831              
140.60000610351562         0.004439831              
140.8000030517578          0.004439831              
141.0                      0.009319782              
141.1999969482422          0.0068798065             
141.40000915527344         0.0068798065             
141.60000610351562         0.001999855              
141.8000030517578          0.004439831              
142.0                      0.004439831              
142.1999969482422          0.001999855              
142.40000915527344         0.0068798065             
142.60000610351562         0.004439831              
142.8000030517578          0.009319782              
143.0                      0.009319782              
143.1999969482422          0.0068798065             
143.40000915527344         0.0068798065             
143.60000610351562         0.014199734              
143.8000030517578          0.0068798065             
144.0                      0.004439831              
144.1999969482422          0.004439831              
144.40000915527344         0.011759758              
144.60000610351562         0.009319782              
144.8000030517578          0.0068798065             
145.0                      0.011759758              
145.1999969482422          0.001999855              
145.40000915527344         -0.005320072             
145.60000610351562         0.0068798065             
145.8000030517578          -4.401207E-4             
146.0                      0.0068798065             
146.1999969482422          0.0068798065             
146.40000915527344         0.009319782              
146.60000610351562         0.004439831              
146.8000030517578          0.0068798065             
147.0                      0.004439831              
147.1999969482422          0.0068798065             
147.40000915527344         0.0068798065             
147.60000610351562         0.009319782              
147.8000030517578          0.0068798065             
148.0                      0.0068798065             
148.1999969482422          0.009319782              
148.40000915527344         0.0068798065             
148.60000610351562         0.011759758              
148.8000030517578          0.0068798065             
149.0                      0.0068798065             
149.1999969482422          0.0068798065             
149.40000915527344         0.0068798065             
149.60000610351562         0.004439831              
149.8000030517578          0.0068798065             
150.0                      0.004439831              
150.1999969482422          0.009319782              
150.40000915527344         0.009319782              
150.60000610351562         0.009319782              
150.8000030517578          0.0068798065             
151.0                      0.0068798065             
151.1999969482422          0.009319782              
151.40000915527344         0.004439831              
