% Title: H-alpha
-6.399997711181641         -0.029720306             
-6.200000762939453         -0.037040234             
-6.0                       -0.041920185             
-5.799999237060547         -0.032160282             
-5.599998474121094         -0.032160282             
-5.399997711181641         -0.037040234             
-5.200000762939453         -0.029720306             
-5.0                       -0.032160282             
-4.799999237060547         -0.029720306             
-4.599998474121094         -0.02728033              
-4.399997711181641         -0.032160282             
-4.200000762939453         -0.032160282             
-4.0                       -0.032160282             
-3.799999237060547         -0.032160282             
-3.5999984741210938        -0.029720306             
-3.3999977111816406        -0.029720306             
-3.200000762939453         -0.029720306             
-3.0                       -0.032160282             
-2.799999237060547         -0.029720306             
-2.5999984741210938        -0.037040234             
-2.3999977111816406        -0.032160282             
-2.200000762939453         -0.029720306             
-2.0                       -0.029720306             
-1.7999992370605469        -0.02728033              
-1.5999984741210938        -0.02728033              
-1.3999977111816406        -0.024839878             
-1.2000007629394531        -0.029720306             
-1.0                       -0.034600258             
-0.7999992370605469        -0.032160282             
-0.5999984741210938        -0.029720306             
-0.3999977111816406        -0.02728033              
-0.20000076293945312       -0.024839878             
0.0                        -0.032160282             
0.20000076293945312        -0.029720306             
0.40000152587890625        -0.032160282             
0.6000022888183594         -0.029720306             
0.7999992370605469         -0.024839878             
1.0                        -0.029720306             
1.2000007629394531         0.0068798065             
1.4000015258789062         0.14351988               
1.6000022888183594         0.5998001                
1.7999992370605469         1.08536                  
2.0                        1.85884                  
2.200000762939453          2.68112                  
2.4000015258789062         3.5717201                
2.6000022888183594         4.34764                  
2.799999237060547          4.53796                  
3.0                        3.6473598                
3.200000762939453          4.48184                  
3.4000015258789062         3.5156002                
3.6000022888183594         2.3980799                
3.799999237060547          1.7758799                
4.0                        1.4001198                
4.200000762939453          1.27812                  
4.400001525878906          1.2073598                
4.600002288818359          1.13904                  
4.799999237060547          1.3366799                
5.0                        1.4049997                
5.200000762939453          1.5953197                
5.400001525878906          1.5538397                
5.600002288818359          1.38304                  
5.799999237060547          1.5904398                
6.0                        1.8466396                
6.200000762939453          1.5148001                
6.400001525878906          1.7880797                
6.600002288818359          1.7392797                
6.799999237060547          1.5367599                
7.0                        2.19068                  
7.200000762939453          1.6929197                
7.400001525878906          2.47616                  
7.600002288818359          1.8076                   
7.799999237060547          1.76368                  
8.0                        1.8466396                
8.200000762939453          1.6124                   
8.400001525878906          1.3561997                
8.60000228881836           1.75636                  
8.799999237060547          1.3415599                
9.0                        1.3171597                
9.200000762939453          1.1097598                
9.400001525878906          0.99508                  
9.60000228881836           0.9853201                
9.799999237060547          0.89748                  
10.0                       0.8681998                
10.200000762939453         1.4879599                
10.400001525878906         0.9853201                
10.60000228881836          0.8389201                
10.799999237060547         0.7242398                
11.0                       0.63639975               
11.200000762939453         0.70472                  
11.400001525878906         0.67543983               
11.60000228881836          0.6315198                
11.799999237060547         1.2659197                
12.0                       0.58759975               
12.200000762939453         0.59003973               
12.400001525878906         0.6388397                
12.60000228881836          0.5461197                
12.799999237060547         0.5265999                
13.0                       0.51684                  
13.200004577636719         0.5510001                
13.400001525878906         0.5144                   
13.599998474121094         0.51684                  
13.800003051757812         0.4387598                
14.0                       0.48023987               
14.200004577636719         0.42167997               
14.400001525878906         0.49243975               
14.599998474121094         0.47535992               
14.800003051757812         0.47535992               
15.0                       0.43143988               
15.200004577636719         0.48267984               
15.400001525878906         0.41192007               
15.599998474121094         0.28991985               
15.800003051757812         0.36312008               
16.0                       0.4558401                
16.20000457763672          0.4777999                
16.400001525878906         0.46072006               
16.599998474121094         0.43143988               
16.800003051757812         0.34847975               
17.0                       0.38507986               
17.20000457763672          0.39971972               
17.400001525878906         0.3923998                
17.599998474121094         0.32895994               
17.800003051757812         0.27040005               
18.0                       0.32164                  
18.20000457763672          0.32651997               
18.400001525878906         0.3338399                
18.599998474121094         0.3338399                
18.800003051757812         0.27040005               
19.0                       1.1634398                
19.20000457763672          0.5924797                
19.400001525878906         0.6022401                
19.599998474121094         0.4777999                
19.800003051757812         0.4387598                
20.0                       0.4582801                
20.20000457763672          0.41192007               
20.400001525878906         0.33627987               
20.599998474121094         0.35824013               
20.800003051757812         0.31676006               
21.0                       0.34115982               
21.20000457763672          0.30699968               
21.400001525878906         0.29235983               
21.599998474121094         0.4021597                
21.800003051757812         0.4021597                
22.0                       0.41680002               
22.20000457763672          0.38263988               
22.400001525878906         0.33871984               
22.599998474121094         0.30211973               
22.800003051757812         0.27771997               
23.0                       0.27284002               
23.20000457763672          0.29235983               
23.400001525878906         0.22891998               
23.599998474121094         0.24843979               
23.800003051757812         0.25331974               
24.0                       0.22648                  
24.20000457763672          0.23379993               
24.400001525878906         0.27528                  
24.599998474121094         0.31676006               
24.800003051757812         0.3435998                
25.0                       0.3923998                
25.20000457763672          0.41192007               
25.400001525878906         0.5144                   
25.599998474121094         0.55588007               
25.800003051757812         0.4656                   
26.0                       0.48511982               
26.20000457763672          0.5632                   
26.400001525878906         0.60468006               
26.599998474121094         0.57783985               
26.800003051757812         0.5265999                
27.0                       0.51684                  
27.20000457763672          0.5144                   
27.400001525878906         0.5461197                
27.599998474121094         0.5705199                
27.800003051757812         0.56564                  
28.0                       0.52171993               
28.20000457763672          0.5998001                
28.400001525878906         0.53879976               
28.599998474121094         0.48999977               
28.800003051757812         0.5510001                
29.0                       0.5729599                
29.20000457763672          0.4777999                
29.400001525878906         0.44607973               
29.599998474121094         0.5144                   
29.800003051757812         0.6803198                
30.0                       0.60468006               
30.20000457763672          0.5461197                
30.400001525878906         0.46072006               
30.599998474121094         0.61443996               
30.800003051757812         0.68519974               
31.0                       0.55588007               
31.20000457763672          0.48511982               
31.400001525878906         0.5851598                
31.599998474121094         0.6510401                
31.800003051757812         0.6608                   
32.0                       0.68519974               
32.20000457763672          0.6681199                
32.400001525878906         0.6510401                
32.599998474121094         0.7096                   
32.80000305175781          0.69984007               
33.0                       0.6315198                
33.20000457763672          0.6412797                
33.400001525878906         0.60712004               
33.599998474121094         0.56807995               
33.80000305175781          0.5632                   
34.0                       0.5436797                
34.20000457763672          0.55832005               
34.400001525878906         0.56807995               
34.599998474121094         0.65592                  
34.80000305175781          0.68519974               
35.0                       0.60468006               
35.20000457763672          0.4777999                
35.400001525878906         0.4558401                
35.599998474121094         0.57783985               
35.80000305175781          0.75596                  
36.0                       0.5265999                
36.20000457763672          0.45339966               
36.400001525878906         0.53147984               
36.599998474121094         0.8218398                
36.80000305175781          0.5070801                
37.0                       0.5144                   
37.20000457763672          0.69251966               
37.400001525878906         0.5241599                
37.599998474121094         0.52171993               
37.80000305175781          0.68275976               
38.0                       0.5022001                
38.20000457763672          0.5827198                
38.400001525878906         0.612                    
38.599998474121094         0.46316004               
38.80000305175781          0.6608                   
39.0                       0.43387985               
39.20000457763672          0.66567993               
39.400001525878906         0.4973197                
39.599998474121094         0.68275976               
39.80000305175781          0.54123974               
40.0                       0.69251966               
40.20000457763672          0.55588007               
40.400001525878906         0.50952005               
40.599998474121094         0.65836                  
40.80000305175781          0.7291198                
41.0                       4.9917994                
41.20000457763672          4.4013195                
41.400001525878906         4.9917994                
41.599998474121094         4.9917994                
41.80000305175781          3.5619602                
42.0                       3.6644402                
42.20000457763672          4.9917994                
42.400001525878906         4.09632                  
42.599998474121094         4.9917994                
42.80000305175781          1.3073997                
43.0                       0.33627987               
43.20000457763672          0.16792011               
43.400001525878906         0.16548014               
43.599998474121094         0.1508398                
43.80000305175781          0.11912012               
44.0                       0.11667967               
44.20000457763672          0.102039814              
44.400001525878906         0.08739996               
44.599998474121094         0.09959984               
44.80000305175781          0.08252001               
45.0                       0.06787968               
45.20000457763672          0.062999725              
45.400001525878906         0.06055975               
45.599998474121094         0.033720016              
45.80000305175781          0.045919895              
46.0                       0.02640009               
46.20000457763672          0.019079685              
46.400001525878906         0.004439831              
46.599998474121094         0.01663971               
46.80000305175781          0.004439831              
47.0                       -0.007760048             
47.20000457763672          -0.010200024             
47.400001525878906         -0.012639999             
47.599998474121094         -0.012639999             
47.80000305175781          -0.024839878             
48.0                       -0.019959927             
48.20000457763672          -0.024839878             
48.400001525878906         -0.024839878             
48.599998474121094         -0.024839878             
48.80000305175781          -0.01751995              
49.0                       -0.02728033              
49.20000457763672          -0.024839878             
49.400001525878906         -0.029720306             
49.599998474121094         -0.024839878             
49.80000305175781          -0.02728033              
50.0                       -0.029720306             
50.20000457763672          -0.032160282             
50.400001525878906         -0.01751995              
50.599998474121094         -0.02728033              
50.80000305175781          -0.02728033              
51.0                       -0.032160282             
51.20000457763672          -0.029720306             
51.400001525878906         -0.032160282             
51.599998474121094         -0.029720306             
51.80000305175781          -0.029720306             
52.0                       -0.029720306             
52.20000457763672          -0.032160282             
52.400001525878906         -0.029720306             
52.599998474121094         -0.02728033              
52.80000305175781          -0.032160282             
53.0                       -0.029720306             
53.20000457763672          -0.029720306             
53.400001525878906         -0.029720306             
53.599998474121094         -0.029720306             
53.80000305175781          -0.032160282             
54.0                       -0.034600258             
54.20000457763672          -0.029720306             
54.400001525878906         -0.02728033              
54.599998474121094         -0.029720306             
54.80000305175781          -0.02728033              
55.0                       -0.03948021              
55.20000457763672          -0.029720306             
55.400001525878906         -0.029720306             
55.599998474121094         -0.02728033              
55.80000305175781          -0.029720306             
56.0                       -0.029720306             
56.20000457763672          -0.029720306             
56.400001525878906         -0.032160282             
56.599998474121094         -0.029720306             
56.80000305175781          -0.029720306             
57.0                       -0.032160282             
57.20000457763672          -0.02728033              
57.400001525878906         -0.034600258             
57.599998474121094         -0.024839878             
57.80000305175781          -0.032160282             
58.0                       -0.029720306             
58.20000457763672          -0.037040234             
58.400001525878906         -0.034600258             
58.599998474121094         -0.029720306             
58.80000305175781          -0.034600258             
59.0                       -0.032160282             
59.20000457763672          -0.032160282             
59.400001525878906         -0.029720306             
59.599998474121094         -0.029720306             
59.80000305175781          -0.032160282             
60.0                       -0.029720306             
60.20000457763672          -0.032160282             
60.400001525878906         -0.029720306             
60.599998474121094         -0.032160282             
60.80000305175781          -0.032160282             
61.0                       -0.032160282             
61.20000457763672          -0.032160282             
61.400001525878906         -0.032160282             
61.599998474121094         -0.032160282             
61.80000305175781          -0.037040234             
62.0                       -0.032160282             
62.20000457763672          -0.029720306             
62.400001525878906         -0.029720306             
62.599998474121094         -0.032160282             
62.80000305175781          -0.041920185             
63.0                       -0.029720306             
63.20000457763672          -0.032160282             
63.400001525878906         -0.029720306             
63.599998474121094         -0.029720306             
63.80000305175781          -0.032160282             
64.0                       -0.024839878             
64.20000457763672          -0.029720306             
64.4000015258789           -0.029720306             
64.5999984741211           -0.032160282             
64.80000305175781          -0.032160282             
65.0                       -0.032160282             
65.20000457763672          -0.032160282             
65.4000015258789           -0.034600258             
65.5999984741211           -0.032160282             
65.80000305175781          -0.029720306             
66.0                       -0.029720306             
66.20000457763672          -0.029720306             
66.4000015258789           -0.029720306             
66.5999984741211           -0.032160282             
66.80000305175781          -0.032160282             
67.0                       -0.029720306             
67.20000457763672          -0.032160282             
67.4000015258789           -0.029720306             
67.5999984741211           -0.032160282             
67.80000305175781          -0.029720306             
68.0                       -0.029720306             
68.20000457763672          -0.029720306             
68.4000015258789           -0.02728033              
68.5999984741211           -0.029720306             
68.80000305175781          -0.029720306             
69.0                       -0.029720306             
69.20000457763672          -0.029720306             
69.4000015258789           -0.024839878             
69.5999984741211           -0.032160282             
69.80000305175781          -0.024839878             
70.0                       -0.029720306             
70.20000457763672          -0.029720306             
70.4000015258789           -0.022399902             
70.5999984741211           -0.034600258             
70.80000305175781          -0.032160282             
71.0                       -0.029720306             
71.20000457763672          -0.032160282             
71.4000015258789           -0.032160282             
71.5999984741211           -0.029720306             
71.80000305175781          -0.022399902             
72.0                       -0.02728033              
72.20000457763672          -0.029720306             
72.4000015258789           -0.032160282             
72.5999984741211           -0.032160282             
72.80000305175781          -0.029720306             
73.0                       -0.037040234             
73.20000457763672          -0.032160282             
73.4000015258789           -0.032160282             
73.5999984741211           -0.032160282             
73.80000305175781          -0.02728033              
74.0                       -0.029720306             
74.20000457763672          -0.029720306             
74.4000015258789           -0.029720306             
74.5999984741211           -0.029720306             
74.80000305175781          -0.032160282             
75.0                       -0.029720306             
75.20000457763672          -0.032160282             
75.4000015258789           -0.029720306             
75.5999984741211           -0.032160282             
75.80000305175781          -0.032160282             
76.0                       -0.032160282             
76.20000457763672          -0.029720306             
76.4000015258789           -0.029720306             
76.5999984741211           -0.029720306             
76.80000305175781          -0.034600258             
77.0                       -0.024839878             
77.19999694824219          -0.032160282             
77.40000915527344          -0.029720306             
77.60000610351562          -0.032160282             
77.80000305175781          -0.032160282             
78.0                       -0.032160282             
78.19999694824219          -0.034600258             
78.40000915527344          -0.029720306             
78.60000610351562          -0.032160282             
78.80000305175781          -0.029720306             
79.0                       -0.032160282             
79.19999694824219          -0.024839878             
79.40000915527344          -0.034600258             
79.60000610351562          -0.032160282             
79.80000305175781          -0.029720306             
80.0                       -0.029720306             
80.19999694824219          -0.032160282             
80.40000915527344          -0.032160282             
80.60000610351562          -0.032160282             
80.80000305175781          -0.029720306             
81.0                       -0.032160282             
81.19999694824219          -0.032160282             
81.40000915527344          -0.032160282             
81.60000610351562          -0.032160282             
81.80000305175781          -0.03948021              
82.0                       -0.032160282             
82.19999694824219          -0.029720306             
82.40000915527344          -0.032160282             
82.60000610351562          -0.029720306             
82.80000305175781          -0.034600258             
83.0                       -0.02728033              
83.19999694824219          -0.029720306             
83.40000915527344          -0.032160282             
83.60000610351562          -0.032160282             
83.80000305175781          -0.029720306             
84.0                       -0.029720306             
84.19999694824219          -0.029720306             
84.40000915527344          -0.032160282             
84.60000610351562          -0.032160282             
84.80000305175781          -0.029720306             
85.0                       -0.029720306             
85.19999694824219          -0.032160282             
85.40000915527344          -0.029720306             
85.60000610351562          -0.032160282             
85.80000305175781          -0.029720306             
86.0                       -0.029720306             
86.19999694824219          -0.029720306             
86.40000915527344          -0.024839878             
86.60000610351562          -0.034600258             
86.80000305175781          -0.034600258             
87.0                       -0.029720306             
87.19999694824219          -0.032160282             
87.40000915527344          -0.02728033              
87.60000610351562          -0.032160282             
87.80000305175781          -0.032160282             
88.0                       -0.029720306             
88.19999694824219          -0.029720306             
88.40000915527344          -0.024839878             
88.60000610351562          -0.029720306             
88.80000305175781          -0.029720306             
89.0                       -0.032160282             
89.19999694824219          -0.032160282             
89.40000915527344          -0.032160282             
89.60000610351562          -0.02728033              
89.80000305175781          -0.029720306             
90.0                       -0.029720306             
90.19999694824219          -0.024839878             
90.40000915527344          -0.032160282             
90.60000610351562          -0.032160282             
90.80000305175781          -0.029720306             
91.0                       -0.029720306             
91.19999694824219          -0.029720306             
91.40000915527344          -0.029720306             
91.60000610351562          -0.032160282             
91.80000305175781          -0.032160282             
92.0                       -0.037040234             
92.19999694824219          -0.029720306             
92.40000915527344          -0.02728033              
92.60000610351562          -0.02728033              
92.80000305175781          -0.032160282             
93.0                       -0.032160282             
93.19999694824219          -0.032160282             
93.40000915527344          -0.032160282             
93.60000610351562          -0.032160282             
93.80000305175781          -0.029720306             
94.0                       -0.032160282             
94.19999694824219          -0.032160282             
94.40000915527344          -0.029720306             
94.60000610351562          -0.032160282             
94.80000305175781          -0.032160282             
95.0                       -0.032160282             
95.19999694824219          -0.029720306             
95.40000915527344          -0.041920185             
95.60000610351562          -0.029720306             
95.80000305175781          -0.032160282             
96.0                       -0.02728033              
96.19999694824219          -0.034600258             
96.40000915527344          -0.029720306             
96.60000610351562          -0.032160282             
96.80000305175781          -0.032160282             
97.0                       -0.034600258             
97.19999694824219          -0.029720306             
97.40000915527344          -0.02728033              
97.60000610351562          -0.032160282             
97.80000305175781          -0.029720306             
98.0                       -0.032160282             
98.19999694824219          -0.029720306             
98.40000915527344          -0.032160282             
98.60000610351562          -0.032160282             
98.80000305175781          -0.029720306             
99.0                       -0.029720306             
99.19999694824219          -0.029720306             
99.40000915527344          -0.032160282             
99.60000610351562          -0.02728033              
99.80000305175781          -0.029720306             
100.0                      -0.029720306             
100.19999694824219         -0.029720306             
100.40000915527344         -0.02728033              
100.60000610351562         -0.029720306             
100.80000305175781         -0.034600258             
101.0                      -0.029720306             
101.19999694824219         -0.032160282             
101.40000915527344         -0.029720306             
101.60000610351562         -0.032160282             
101.80000305175781         -0.029720306             
102.0                      -0.024839878             
102.19999694824219         -0.029720306             
102.40000915527344         -0.029720306             
102.60000610351562         -0.02728033              
102.80000305175781         -0.032160282             
103.0                      -0.029720306             
103.19999694824219         -0.029720306             
103.40000915527344         -0.032160282             
103.60000610351562         -0.029720306             
103.80000305175781         -0.032160282             
104.0                      -0.034600258             
104.19999694824219         -0.034600258             
104.40000915527344         -0.029720306             
104.60000610351562         -0.034600258             
104.80000305175781         -0.029720306             
105.0                      -0.034600258             
105.19999694824219         -0.029720306             
105.40000915527344         -0.02728033              
105.60000610351562         -0.029720306             
105.80000305175781         -0.032160282             
106.0                      -0.029720306             
106.19999694824219         -0.029720306             
106.40000915527344         -0.029720306             
106.60000610351562         -0.032160282             
106.80000305175781         -0.029720306             
107.0                      -0.032160282             
107.19999694824219         -0.029720306             
107.40000915527344         -0.029720306             
107.60000610351562         -0.032160282             
107.80000305175781         -0.029720306             
108.0                      -0.032160282             
108.19999694824219         -0.029720306             
108.40000915527344         -0.029720306             
108.60000610351562         -0.029720306             
108.80000305175781         -0.034600258             
109.0                      -0.029720306             
109.19999694824219         -0.032160282             
109.40000915527344         -0.029720306             
109.60000610351562         -0.032160282             
109.80000305175781         -0.029720306             
110.0                      -0.032160282             
110.19999694824219         -0.032160282             
110.40000915527344         -0.032160282             
110.60000610351562         -0.037040234             
110.80000305175781         -0.032160282             
111.0                      -0.034600258             
111.19999694824219         -0.032160282             
111.40000915527344         -0.032160282             
111.60000610351562         -0.034600258             
111.80000305175781         -0.029720306             
112.0                      -0.032160282             
112.19999694824219         -0.029720306             
112.40000915527344         -0.032160282             
112.60000610351562         -0.029720306             
112.80000305175781         -0.034600258             
113.0                      -0.029720306             
113.19999694824219         -0.032160282             
113.40000915527344         -0.032160282             
113.60000610351562         -0.029720306             
113.80000305175781         -0.029720306             
114.0                      -0.029720306             
114.19999694824219         -0.032160282             
114.40000915527344         -0.024839878             
114.60000610351562         -0.032160282             
114.80000305175781         -0.029720306             
115.0                      -0.029720306             
115.19999694824219         -0.032160282             
115.40000915527344         -0.029720306             
115.60000610351562         -0.034600258             
115.80000305175781         -0.032160282             
116.0                      -0.032160282             
116.19999694824219         -0.029720306             
116.40000915527344         -0.02728033              
116.60000610351562         -0.032160282             
116.80000305175781         -0.032160282             
117.0                      -0.032160282             
117.19999694824219         -0.032160282             
117.40000915527344         -0.032160282             
117.60000610351562         -0.029720306             
117.80000305175781         -0.02728033              
118.0                      -0.032160282             
118.19999694824219         -0.029720306             
118.40000915527344         -0.032160282             
118.60000610351562         -0.032160282             
118.80000305175781         -0.032160282             
119.0                      -0.034600258             
119.19999694824219         -0.032160282             
119.40000915527344         -0.032160282             
119.60000610351562         -0.032160282             
119.80000305175781         -0.029720306             
120.0                      -0.034600258             
120.19999694824219         -0.029720306             
120.40000915527344         -0.029720306             
120.60000610351562         -0.029720306             
120.80000305175781         -0.02728033              
121.0                      -0.032160282             
121.19999694824219         -0.029720306             
121.40000915527344         -0.032160282             
121.60000610351562         -0.037040234             
121.80000305175781         -0.029720306             
122.0                      -0.029720306             
122.19999694824219         -0.029720306             
122.40000915527344         -0.029720306             
122.60000610351562         -0.032160282             
122.80000305175781         -0.032160282             
123.0                      -0.029720306             
123.19999694824219         -0.029720306             
123.40000915527344         -0.034600258             
123.60000610351562         -0.024839878             
123.80000305175781         -0.032160282             
124.0                      -0.029720306             
124.19999694824219         -0.029720306             
124.40000915527344         -0.032160282             
124.60000610351562         -0.029720306             
124.80000305175781         -0.032160282             
125.0                      -0.029720306             
125.19999694824219         -0.029720306             
125.40000915527344         -0.032160282             
125.60000610351562         -0.032160282             
125.80000305175781         -0.032160282             
126.0                      -0.029720306             
126.19999694824219         -0.029720306             
126.40000915527344         -0.03948021              
126.60000610351562         -0.02728033              
126.80000305175781         -0.029720306             
127.0                      -0.032160282             
127.19999694824219         -0.029720306             
127.40000915527344         -0.029720306             
127.60000610351562         -0.029720306             
127.80000305175781         -0.032160282             
128.0                      -0.029720306             
128.1999969482422          -0.029720306             
128.40000915527344         -0.032160282             
128.60000610351562         -0.029720306             
128.8000030517578          -0.032160282             
129.0                      -0.029720306             
129.1999969482422          -0.032160282             
129.40000915527344         -0.029720306             
129.60000610351562         -0.029720306             
129.8000030517578          -0.029720306             
130.0                      -0.029720306             
130.1999969482422          -0.032160282             
130.40000915527344         -0.032160282             
130.60000610351562         -0.029720306             
130.8000030517578          -0.029720306             
131.0                      -0.029720306             
131.1999969482422          -0.029720306             
131.40000915527344         -0.029720306             
131.60000610351562         -0.032160282             
131.8000030517578          -0.029720306             
132.0                      -0.032160282             
132.1999969482422          -0.02728033              
132.40000915527344         -0.029720306             
132.60000610351562         -0.029720306             
132.8000030517578          -0.032160282             
133.0                      -0.029720306             
133.1999969482422          -0.032160282             
133.40000915527344         -0.037040234             
133.60000610351562         -0.032160282             
133.8000030517578          -0.032160282             
134.0                      -0.032160282             
134.1999969482422          -0.032160282             
134.40000915527344         -0.029720306             
134.60000610351562         -0.029720306             
134.8000030517578          -0.029720306             
135.0                      -0.034600258             
135.1999969482422          -0.029720306             
135.40000915527344         -0.022399902             
135.60000610351562         -0.029720306             
135.8000030517578          -0.032160282             
136.0                      -0.032160282             
136.1999969482422          -0.034600258             
136.40000915527344         -0.032160282             
136.60000610351562         -0.032160282             
136.8000030517578          -0.032160282             
137.0                      -0.037040234             
137.1999969482422          -0.032160282             
137.40000915527344         -0.029720306             
137.60000610351562         -0.032160282             
137.8000030517578          -0.029720306             
138.0                      -0.029720306             
138.1999969482422          -0.029720306             
138.40000915527344         -0.032160282             
138.60000610351562         -0.032160282             
138.8000030517578          -0.029720306             
139.0                      -0.029720306             
139.1999969482422          -0.034600258             
139.40000915527344         -0.029720306             
139.60000610351562         -0.029720306             
139.8000030517578          -0.029720306             
140.0                      -0.034600258             
140.1999969482422          -0.032160282             
140.40000915527344         -0.032160282             
140.60000610351562         -0.032160282             
140.8000030517578          -0.032160282             
141.0                      -0.02728033              
141.1999969482422          -0.029720306             
141.40000915527344         -0.029720306             
141.60000610351562         -0.029720306             
141.8000030517578          -0.032160282             
142.0                      -0.032160282             
142.1999969482422          -0.034600258             
142.40000915527344         -0.029720306             
142.60000610351562         -0.032160282             
142.8000030517578          -0.029720306             
143.0                      -0.029720306             
143.1999969482422          -0.032160282             
143.40000915527344         -0.029720306             
143.60000610351562         -0.02728033              
143.8000030517578          -0.032160282             
144.0                      -0.032160282             
144.1999969482422          -0.032160282             
144.40000915527344         -0.029720306             
144.60000610351562         -0.02728033              
144.8000030517578          -0.029720306             
145.0                      -0.032160282             
145.1999969482422          -0.032160282             
145.40000915527344         -0.03948021              
145.60000610351562         -0.032160282             
145.8000030517578          -0.037040234             
146.0                      -0.029720306             
146.1999969482422          -0.029720306             
146.40000915527344         -0.029720306             
146.60000610351562         -0.029720306             
146.8000030517578          -0.032160282             
147.0                      -0.034600258             
147.1999969482422          -0.029720306             
147.40000915527344         -0.032160282             
147.60000610351562         -0.029720306             
147.8000030517578          -0.032160282             
148.0                      -0.029720306             
148.1999969482422          -0.029720306             
148.40000915527344         -0.029720306             
148.60000610351562         -0.029720306             
148.8000030517578          -0.029720306             
149.0                      -0.02728033              
149.1999969482422          -0.029720306             
149.40000915527344         -0.02728033              
149.60000610351562         -0.029720306             
149.8000030517578          -0.032160282             
150.0                      -0.029720306             
150.1999969482422          -0.029720306             
150.40000915527344         -0.029720306             
150.60000610351562         -0.02728033              
150.8000030517578          -0.032160282             
151.0                      -0.032160282             
151.1999969482422          -0.02728033              
151.40000915527344         -0.032160282             
