% Title: Ip6
-6.399997711181641         0.038045466              
-6.200000762939453         0.03658479               
-6.0                       0.05251633               
-5.799999237060547         0.04235955               
-5.599998474121094         0.036550824              
-5.399997711181641         0.0394382                
-5.200000762939453         0.033629473              
-5.0                       0.032168802              
-4.799999237060547         0.043752287              
-4.599998474121094         0.059683822              
-4.399997711181641         0.071267314              
-4.200000762939453         0.06111053               
-4.0                       0.05095375               
-3.799999237060547         0.04079697               
-3.5999984741210938        0.030640187              
-3.3999977111816406        0.029179513              
-3.200000762939453         0.032066893              
-3.0                       0.043650378              
-2.799999237060547         0.050885808              
-2.5999984741210938        0.058121245              
-2.3999977111816406        0.04361641               
-2.200000762939453         0.03345963               
-2.0                       0.023302848              
-1.7999992370605469        0.021842172              
-1.5999984741210938        0.024729554              
-1.3999977111816406        0.031964984              
-1.2000007629394531        0.039200418              
-1.0                       0.037739743              
-0.7999992370605469        0.02323491               
-0.5999984741210938        0.008730076              
-0.3999977111816406        0.0072694016             
-0.20000076293945312       -0.002887379             
0.0                        -0.0                     
0.20000076293945312        0.002887379              
0.40000152587890625        -0.020313563             
0.6000022888183594         -0.086995885             
0.7999992370605469         -0.16237432              
1.0                        -0.20731638              
1.2000007629394531         -0.0696385               
1.4000015258789062         0.45067233               
1.6000022888183594         1.0449009                
1.7999992370605469         1.5782559                
2.0                        2.115959                 
2.200000762939453          2.7014914                
2.4000015258789062         3.3435485                
2.6000022888183594         4.103005                 
2.799999237060547          5.0711694                
3.0                        6.5045805                
3.200000762939453          8.311928                 
3.4000015258789062         10.241022                
3.6000022888183594         12.396218                
3.799999237060547          14.603589                
4.0                        16.784872                
4.200000762939453          18.740055                
4.400001525878906          20.408262                
4.600002288818359          22.011251                
4.799999237060547          23.292479                
5.0                        24.934597                
5.200000762939453          26.402794                
5.400001525878906          28.114485                
5.600002288818359          29.62181                 
5.799999237060547          31.207405                
6.0                        32.171223                
6.200000762939453          33.39158                 
6.400001525878906          34.572796                
6.600002288818359          34.932228                
6.799999237060547          36.217804                
7.0                        37.216408                
7.200000762939453          38.162834                
7.400001525878906          39.09186                 
7.600002288818359          38.73386                 
7.799999237060547          37.732338                
8.0                        36.27426                 
8.200000762939453          34.58574                 
8.400001525878906          33.501602                
8.60000228881836           32.743572                
8.799999237060547          31.389854                
9.0                        30.666609                
9.200000762939453          29.543339                
9.400001525878906          28.093964                
9.60000228881836           27.122877                
9.799999237060547          26.317019                
10.0                       25.389412                
10.200000762939453         25.635794                
10.400001525878906         25.699554                
10.60000228881836          25.245892                
10.799999237060547         24.887888                
11.0                       24.225515                
11.200000762939453         23.94143                 
11.400001525878906         23.313845                
11.60000228881836          22.307974                
11.799999237060547         23.776169                
12.0                       24.15299                 
12.200000762939453         23.73846                 
12.400001525878906         23.78483                 
12.60000228881836          23.148546                
12.799999237060547         22.534004                
13.0                       22.080341                
13.200004577636719         23.509403                
13.400001525878906         23.577513                
13.599998474121094         23.193419                
13.800003051757812         22.878897                
14.0                       22.416536                
14.200004577636719         23.428183                
14.400001525878906         24.25286                 
14.599998474121094         24.134                   
14.800003051757812         23.858608                
15.0                       24.161514                
15.200004577636719         23.955694                
15.400001525878906         23.880314                
15.599998474121094         23.896248                
15.800003051757812         23.486065                
16.0                       25.48038                 
16.20000457763672          26.474632                
16.400001525878906         26.61666                 
16.599998474121094         26.528236                
16.800003051757812         26.961586                
17.0                       27.986277                
17.20000457763672          28.10656                 
17.400001525878906         28.17467                 
17.599998474121094         28.194948                
17.800003051757812         29.337038                
18.0                       29.813866                
18.20000457763672          30.00807                 
18.400001525878906         30.219664                
18.599998474121094         30.379086                
18.800003051757812         30.629816                
19.0                       33.745937                
19.20000457763672          35.01847                 
19.400001525878906         35.417034                
19.599998474121094         35.632977                
19.800003051757812         35.866314                
20.0                       36.151825                
20.20000457763672          36.463432                
20.400001525878906         37.205498                
20.599998474121094         37.773636                
20.800003051757812         38.402645                
21.0                       38.701206                
21.20000457763672          39.064987                
21.400001525878906         40.515785                
21.599998474121094         41.55352                 
21.800003051757812         42.03035                 
22.0                       42.254993                
22.20000457763672          42.683994                
22.400001525878906         43.060814                
22.599998474121094         43.38546                 
22.800003051757812         43.788376                
23.0                       44.256508                
23.20000457763672          44.70725                 
23.400001525878906         45.253647                
23.599998474121094         45.682648                
23.800003051757812         46.1073                  
24.0                       46.823277                
24.20000457763672          47.60882                 
24.400001525878906         48.48133                 
24.599998474121094         49.38862                 
24.800003051757812         50.274166                
25.0                       51.15972                 
25.20000457763672          52.027878                
25.400001525878906         52.791683                
25.599998474121094         53.590275                
25.800003051757812         54.03232                 
26.0                       54.45262                 
26.20000457763672          54.9338                  
26.400001525878906         55.32367                 
26.599998474121094         55.852673                
26.800003051757812         56.446903                
27.0                       56.83242                 
27.20000457763672          57.26142                 
27.400001525878906         57.52955                 
27.599998474121094         58.02811                 
27.800003051757812         58.552773                
28.0                       59.168747                
28.20000457763672          59.849934                
28.400001525878906         60.48329                 
28.599998474121094         61.016647                
28.800003051757812         61.60653                 
29.0                       62.12249                 
29.20000457763672          62.455833                
29.400001525878906         62.871796                
29.599998474121094         63.318184                
29.800003051757812         63.82545                 
30.0                       64.21097                 
30.20000457763672          64.448654                
30.400001525878906         64.69939                 
30.599998474121094         64.99794                 
30.800003051757812         65.02692                 
31.0                       64.96893                 
31.20000457763672          65.29793                 
31.400001525878906         65.67909                 
31.599998474121094         66.07331                 
31.800003051757812         66.5284                  
32.0                       66.85305                 
32.20000457763672          67.24292                 
32.400001525878906         67.328415                
32.599998474121094         67.422615                
32.80000305175781          67.5342                  
33.0                       67.69797                 
33.20000457763672          67.90521                 
33.400001525878906         68.19073                 
33.599998474121094         68.3545                  
33.80000305175781          68.47913                 
34.0                       68.53855                 
34.20000457763672          68.43708                 
34.400001525878906         68.35735                 
34.599998474121094         68.277626                
34.80000305175781          68.49792                 
35.0                       68.861694                
35.20000457763672          69.26026                 
35.400001525878906         69.53273                 
35.599998474121094         69.66171                 
35.80000305175781          69.71678                 
36.0                       69.79358                 
36.20000457763672          69.87908                 
36.400001525878906         70.042854                
36.599998474121094         70.21097                 
36.80000305175781          70.31821                 
37.0                       70.40806                 
37.20000457763672          70.59356                 
37.400001525878906         70.496445                
37.599998474121094         70.342804                
37.80000305175781          70.232635                
38.0                       70.19204                 
38.20000457763672          70.08189                 
38.400001525878906         70.34131                 
38.599998474121094         70.531166                
38.80000305175781          70.71232                 
39.0                       70.75434                 
39.20000457763672          70.76158                 
39.400001525878906         70.80359                 
39.599998474121094         70.8891                  
39.80000305175781          71.02677                 
40.0                       71.14271                 
40.20000457763672          71.206474                
40.400001525878906         71.052826                
40.599998474121094         70.76874                 
40.80000305175781          71.21079                 
41.0                       76.80533                 
41.20000457763672          71.33831                 
41.400001525878906         69.17584                 
41.599998474121094         66.22203                 
41.80000305175781          59.146214                
42.0                       52.770443                
42.20000457763672          49.342678                
42.400001525878906         40.453716                
42.599998474121094         31.564743                
42.80000305175781          22.675776                
43.0                       16.395662                
43.20000457763672          14.646268                
43.400001525878906         14.170864                
43.599998474121094         14.030263                
43.80000305175781          13.972278                
44.0                       13.883855                
44.20000457763672          13.851957                
44.400001525878906         13.833104                
44.599998474121094         13.805555                
44.80000305175781          13.795399                
45.0                       13.785241                
45.20000457763672          13.757692                
45.400001525878906         13.734491                
45.599998474121094         13.715638                
45.80000305175781          13.683741                
46.0                       13.664887                
46.20000457763672          13.650383                
46.400001525878906         13.644575                
46.599998474121094         13.634418                
46.80000305175781          13.628609                
47.0                       13.622801                
47.20000457763672          13.590902                
47.400001525878906         13.59379                 
47.599998474121094         13.592328                
47.80000305175781          13.595217                
48.0                       13.598104                
48.20000457763672          13.600991                
48.400001525878906         13.603878                
48.599998474121094         13.580678                
48.80000305175781          13.557476                
49.0                       13.538624                
49.20000457763672          13.524119                
49.400001525878906         13.513962                
49.599998474121094         13.508154                
49.80000305175781          13.502345                
50.0                       13.500883                
50.20000457763672          13.495075                
50.400001525878906         13.502311                
50.599998474121094         13.505198                
50.80000305175781          13.508086                
51.0                       13.515321                
51.20000457763672          13.522556                
51.400001525878906         13.529792                
51.599998474121094         13.532679                
51.80000305175781          13.52687                 
52.0                       13.516714                
52.20000457763672          13.502209                
52.400001525878906         13.492051                
52.599998474121094         13.490591                
52.80000305175781          13.489131                
53.0                       13.48767                 
53.20000457763672          13.490557                
53.400001525878906         13.493444                
53.599998474121094         13.496332                
53.80000305175781          13.499219                
54.0                       13.506454                
54.20000457763672          13.51369                 
54.400001525878906         13.525273                
54.599998474121094         13.536858                
54.80000305175781          13.54844                 
55.0                       13.564373                
55.20000457763672          13.545519                
55.400001525878906         13.531014                
55.599998474121094         13.512161                
55.80000305175781          13.502005                
56.0                       13.491848                
56.20000457763672          13.481691                
56.400001525878906         13.475883                
56.599998474121094         13.465726                
56.80000305175781          13.459917                
57.0                       13.454108                
57.20000457763672          13.448299                
57.400001525878906         13.451187                
57.599998474121094         13.449726                
57.80000305175781          13.452614                
58.0                       13.455501                
58.20000457763672          13.462736                
58.400001525878906         13.456927                
58.599998474121094         13.438075                
58.80000305175781          13.419222                
59.0                       13.4047165               
59.20000457763672          13.394561                
59.400001525878906         13.384403                
59.599998474121094         13.378594                
59.80000305175781          13.377133                
60.0                       13.375673                
60.20000457763672          13.374213                
60.400001525878906         13.372751                
60.599998474121094         13.375639                
60.80000305175781          13.3828745               
61.0                       13.394459                
61.20000457763672          13.406041                
61.400001525878906         13.421972                
61.599998474121094         13.437905                
61.80000305175781          13.445141                
62.0                       13.439331                
62.20000457763672          13.433523                
62.400001525878906         13.432063                
62.599998474121094         13.43495                 
62.80000305175781          13.43349                 
63.0                       13.436377                
63.20000457763672          13.443612                
63.400001525878906         13.4465                  
63.599998474121094         13.449387                
63.80000305175781          13.456622                
64.0                       13.468206                
64.20000457763672          13.475442                
64.4000015258789           13.4826765               
64.5999984741211           13.49426                 
64.80000305175781          13.505843                
65.0                       13.508732                
65.20000457763672          13.498574                
65.4000015258789           13.488418                
65.5999984741211           13.478261                
65.80000305175781          13.463756                
66.0                       13.453599                
66.20000457763672          13.44779                 
66.4000015258789           13.44633                 
66.5999984741211           13.449217                
66.80000305175781          13.452105                
67.0                       13.450644                
67.20000457763672          13.453531                
67.4000015258789           13.460767                
67.5999984741211           13.468002                
67.80000305175781          13.483933                
68.0                       13.495518                
68.20000457763672          13.511449                
68.4000015258789           13.514336                
68.5999984741211           13.504179                
68.80000305175781          13.494021                
69.0                       13.488214                
69.20000457763672          13.4867525               
69.4000015258789           13.48964                 
69.5999984741211           13.492527                
69.80000305175781          13.504111                
70.0                       13.511347                
70.20000457763672          13.514234                
70.4000015258789           13.508426                
70.5999984741211           13.515661                
70.80000305175781          13.527244                
71.0                       13.534479                
71.20000457763672          13.546063                
71.4000015258789           13.561995                
71.5999984741211           13.573578                
71.80000305175781          13.576466                
72.0                       13.575005                
72.20000457763672          13.556151                
72.4000015258789           13.541647                
72.5999984741211           13.53149                 
72.80000305175781          13.521333                
73.0                       13.515525                
73.20000457763672          13.509716                
73.4000015258789           13.499558                
73.5999984741211           13.498098                
73.80000305175781          13.49229                 
74.0                       13.495177                
74.20000457763672          13.498064                
74.4000015258789           13.500952                
74.5999984741211           13.508188                
74.80000305175781          13.515423                
75.0                       13.522658                
75.20000457763672          13.525545                
75.4000015258789           13.532781                
75.5999984741211           13.535667                
75.80000305175781          13.521163                
76.0                       13.506659                
76.20000457763672          13.496502                
76.4000015258789           13.4819975               
76.5999984741211           13.47184                 
76.80000305175781          13.470379                
77.0                       13.460223                
77.19999694824219          13.454414                
77.40000915527344          13.452953                
77.60000610351562          13.45584                 
77.80000305175781          13.463076                
78.0                       13.465964                
78.19999694824219          13.477547                
78.40000915527344          13.480434                
78.60000610351562          13.48767                 
78.80000305175781          13.486209                
79.0                       13.497792                
79.19999694824219          13.496332                
79.40000915527344          13.486175                
79.60000610351562          13.476018                
79.80000305175781          13.465862                
80.0                       13.455705                
80.19999694824219          13.445548                
80.40000915527344          13.439739                
80.60000610351562          13.442626                
80.80000305175781          13.445515                
81.0                       13.448401                
81.19999694824219          13.455637                
81.40000915527344          13.46722                 
81.60000610351562          13.478804                
81.80000305175781          13.486038                
82.0                       13.493274                
82.19999694824219          13.509207                
82.40000915527344          13.525138                
82.60000610351562          13.541069                
82.80000305175781          13.557                   
83.0                       13.55554                 
83.19999694824219          13.554079                
83.40000915527344          13.552619                
83.60000610351562          13.551158                
83.80000305175781          13.554046                
84.0                       13.56128                 
84.19999694824219          13.568516                
84.40000915527344          13.5801                  
84.60000610351562          13.596031                
84.80000305175781          13.611962                
85.0                       13.623547                
85.19999694824219          13.639478                
85.40000915527344          13.655409                
85.60000610351562          13.671341                
85.80000305175781          13.691621                
86.0                       13.7119                  
86.19999694824219          13.736527                
86.40000915527344          13.752459                
86.60000610351562          13.759694                
86.80000305175781          13.758234                
87.0                       13.756773                
87.19999694824219          13.759661                
87.40000915527344          13.762548                
87.60000610351562          13.774131                
87.80000305175781          13.785715                
88.0                       13.792952                
88.19999694824219          13.804534                
88.40000915527344          13.820467                
88.60000610351562          13.827702                
88.80000305175781          13.830589                
89.0                       13.837824                
89.19999694824219          13.845059                
89.40000915527344          13.856644                
89.60000610351562          13.868226                
89.80000305175781          13.87981                 
90.0                       13.891394                
90.19999694824219          13.889933                
90.40000915527344          13.875428                
90.60000610351562          13.865272                
90.80000305175781          13.850767                
91.0                       13.844957                
91.19999694824219          13.843497                
91.40000915527344          13.842037                
91.60000610351562          13.844924                
91.80000305175781          13.847812                
92.0                       13.855047                
92.19999694824219          13.857934                
92.40000915527344          13.86517                 
92.60000610351562          13.872405                
92.80000305175781          13.888336                
93.0                       13.904268                
93.19999694824219          13.920199                
93.40000915527344          13.9361315               
93.60000610351562          13.952063                
93.80000305175781          13.959298                
94.0                       13.962186                
94.19999694824219          13.965073                
94.40000915527344          13.96796                 
94.60000610351562          13.975196                
94.80000305175781          13.986779                
95.0                       14.00271                 
95.19999694824219          14.005598                
95.40000915527344          14.008485                
95.60000610351562          14.01572                 
95.80000305175781          14.027305                
96.0                       14.038888                
96.19999694824219          14.054819                
96.40000915527344          14.07075                 
96.60000610351562          14.09103                 
96.80000305175781          14.106961                
97.0                       14.122894                
97.19999694824219          14.134477                
97.40000915527344          14.128668                
97.60000610351562          14.131556                
97.80000305175781          14.138791                
98.0                       14.150374                
98.19999694824219          14.161958                
98.40000915527344          14.169193                
98.60000610351562          14.176429                
98.80000305175781          14.188012                
99.0                       14.203944                
99.19999694824219          14.219875                
99.40000915527344          14.235807                
99.60000610351562          14.251739                
99.80000305175781          14.26767                 
100.0                      14.279254                
100.19999694824219         14.290836                
100.40000915527344         14.302421                
100.60000610351562         14.314004                
100.80000305175781         14.303848                
101.0                      14.302386                
101.19999694824219         14.305273                
101.40000915527344         14.308162                
101.60000610351562         14.315398                
101.80000305175781         14.318285                
102.0                      14.329868                
102.19999694824219         14.337103                
102.40000915527344         14.348687                
102.60000610351562         14.36027                 
102.80000305175781         14.376202                
103.0                      14.387786                
103.19999694824219         14.403716                
103.40000915527344         14.415299                
103.60000610351562         14.426884                
103.80000305175781         14.434119                
104.0                      14.437007                
104.19999694824219         14.435546                
104.40000915527344         14.434085                
104.60000610351562         14.44132                 
104.80000305175781         14.444207                
105.0                      14.447094                
105.19999694824219         14.449983                
105.40000915527344         14.457219                
105.60000610351562         14.4688015               
105.80000305175781         14.480386                
106.0                      14.487619                
106.19999694824219         14.499204                
106.40000915527344         14.510788                
106.60000610351562         14.531066                
106.80000305175781         14.538302                
107.0                      14.545537                
107.19999694824219         14.552773                
107.40000915527344         14.5513115               
107.60000610351562         14.549852                
107.80000305175781         14.557087                
108.0                      14.559974                
108.19999694824219         14.562861                
108.40000915527344         14.565749                
108.60000610351562         14.568637                
108.80000305175781         14.575873                
109.0                      14.583108                
109.19999694824219         14.59469                 
109.40000915527344         14.606275                
109.60000610351562         14.622207                
109.80000305175781         14.638138                
110.0                      14.64972                 
110.19999694824219         14.656957                
110.40000915527344         14.672887                
110.60000610351562         14.680123                
110.80000305175781         14.678662                
111.0                      14.68155                 
111.19999694824219         14.684437                
111.40000915527344         14.6873255               
111.60000610351562         14.698908                
111.80000305175781         14.701796                
112.0                      14.709031                
112.19999694824219         14.716267                
112.40000915527344         14.727849                
112.60000610351562         14.739433                
112.80000305175781         14.755365                
113.0                      14.771296                
113.19999694824219         14.78723                 
113.40000915527344         14.80316                 
113.60000610351562         14.814743                
113.80000305175781         14.821979                
114.0                      14.824866                
114.19999694824219         14.827754                
114.40000915527344         14.830642                
114.60000610351562         14.837876                
114.80000305175781         14.84946                 
115.0                      14.861043                
115.19999694824219         14.868279                
115.40000915527344         14.875513                
115.60000610351562         14.887097                
115.80000305175781         14.903029                
116.0                      14.91896                 
116.19999694824219         14.9392395               
116.40000915527344         14.955172                
116.60000610351562         14.971103                
116.80000305175781         14.969643                
117.0                      14.963835                
117.19999694824219         14.958026                
117.40000915527344         14.952217                
117.60000610351562         14.950755                
117.80000305175781         14.949295                
118.0                      14.952183                
118.19999694824219         14.950722                
118.40000915527344         14.949261                
118.60000610351562         14.9478                  
118.80000305175781         14.94634                 
119.0                      14.944879                
119.19999694824219         14.943419                
119.40000915527344         14.946306                
119.60000610351562         14.944844                
119.80000305175781         14.939035                
120.0                      14.941923                
120.19999694824219         14.944811                
120.40000915527344         14.939002                
120.60000610351562         14.933192                
120.80000305175781         14.927384                
121.0                      14.930272                
121.19999694824219         14.928812                
121.40000915527344         14.927351                
121.60000610351562         14.934587                
121.80000305175781         14.933125                
122.0                      14.931665                
122.19999694824219         14.930203                
122.40000915527344         14.933091                
122.60000610351562         14.931631                
122.80000305175781         14.934518                
123.0                      14.937407                
123.19999694824219         14.940293                
123.40000915527344         14.943181                
123.60000610351562         14.946068                
123.80000305175781         14.944607                
124.0                      14.947494                
124.19999694824219         14.950381                
124.40000915527344         14.957618                
124.60000610351562         14.960505                
124.80000305175781         14.963393                
125.0                      14.96628                 
125.19999694824219         14.969167                
125.40000915527344         14.9720545               
125.60000610351562         14.974941                
125.80000305175781         14.97783                 
126.0                      14.980717                
126.19999694824219         14.987951                
126.40000915527344         14.995188                
126.60000610351562         14.998075                
126.80000305175781         15.000962                
127.0                      15.008199                
127.19999694824219         15.0110855               
127.40000915527344         15.013974                
127.60000610351562         15.021208                
127.80000305175781         15.024095                
128.0                      15.031331                
128.1999969482422          15.038566                
128.40000915527344         15.041454                
128.60000610351562         15.044341                
128.8000030517578          15.047228                
129.0                      15.050116                
129.1999969482422          15.057352                
129.40000915527344         15.060239                
129.60000610351562         15.067473                
129.8000030517578          15.07471                 
130.0                      15.081944                
130.1999969482422          15.084832                
130.40000915527344         15.087719                
130.60000610351562         15.090608                
130.8000030517578          15.093494                
131.0                      15.096381                
131.1999969482422          15.099269                
131.40000915527344         15.102156                
131.60000610351562         15.105044                
131.8000030517578          15.103583                
132.0                      15.106471                
132.1999969482422          15.109359                
132.40000915527344         15.112246                
132.60000610351562         15.110784                
132.8000030517578          15.11802                 
133.0                      15.116559                
133.1999969482422          15.1237955               
133.40000915527344         15.117987                
133.60000610351562         15.125222                
133.8000030517578          15.128109                
134.0                      15.130996                
134.1999969482422          15.133883                
134.40000915527344         15.132423                
134.60000610351562         15.135311                
134.8000030517578          15.138198                
135.0                      15.141086                
135.1999969482422          15.139625                
135.40000915527344         15.129468                
135.60000610351562         15.128007                
135.8000030517578          15.126547                
136.0                      15.125086                
136.1999969482422          15.132321                
136.40000915527344         15.135209                
136.60000610351562         15.138096                
136.8000030517578          15.136635                
137.0                      15.139523                
137.1999969482422          15.1380625               
137.40000915527344         15.1366005               
137.60000610351562         15.139488                
137.8000030517578          15.142376                
138.0                      15.145263                
138.1999969482422          15.143803                
138.40000915527344         15.14669                 
138.60000610351562         15.153925                
138.8000030517578          15.148116                
139.0                      15.142307                
139.1999969482422          15.140848                
139.40000915527344         15.139386                
139.60000610351562         15.142274                
139.8000030517578          15.140814                
140.0                      15.143702                
140.1999969482422          15.14224                 
140.40000915527344         15.14078                 
140.60000610351562         15.139318                
140.8000030517578          15.142205                
141.0                      15.140746                
141.1999969482422          15.143633                
141.40000915527344         15.14652                 
141.60000610351562         15.149408                
141.8000030517578          15.152295                
142.0                      15.150833                
142.1999969482422          15.153722                
142.40000915527344         15.152261                
142.60000610351562         15.155149                
142.8000030517578          15.158036                
143.0                      15.160923                
143.1999969482422          15.163811                
143.40000915527344         15.1666975               
143.60000610351562         15.169586                
143.8000030517578          15.172473                
144.0                      15.171011                
144.1999969482422          15.178247                
144.40000915527344         15.181134                
144.60000610351562         15.184023                
144.8000030517578          15.1912565               
145.0                      15.194144                
145.1999969482422          15.197032                
145.40000915527344         15.195572                
145.60000610351562         15.19846                 
145.8000030517578          15.205694                
146.0                      15.212931                
146.1999969482422          15.215817                
146.40000915527344         15.223051                
146.60000610351562         15.230288                
146.8000030517578          15.233176                
147.0                      15.24041                 
147.1999969482422          15.243298                
147.40000915527344         15.246185                
147.60000610351562         15.249072                
147.8000030517578          15.256309                
148.0                      15.263543                
148.1999969482422          15.27078                 
148.40000915527344         15.273666                
148.60000610351562         15.272204                
148.8000030517578          15.275093                
149.0                      15.27798                 
149.1999969482422          15.285216                
149.40000915527344         15.292451                
149.60000610351562         15.299687                
149.8000030517578          15.306921                
150.0                      15.30981                 
150.1999969482422          15.312696                
150.40000915527344         15.315584                
150.60000610351562         15.318471                
150.8000030517578          15.321358                
151.0                      15.324246                
151.1999969482422          15.327133                
151.40000915527344         15.330021                
