% Title: OI
-6.399997711181641         -0.037040234             
-6.200000762939453         -0.06875992              
-6.0                       -0.08340025              
-5.799999237060547         -0.046800137             
-5.599998474121094         -0.046800137             
-5.399997711181641         -0.06143999              
-5.200000762939453         0.019079685              
-5.0                       -0.046800137             
-4.799999237060547         -0.03948021              
-4.599998474121094         -0.02728033              
-4.399997711181641         -0.041920185             
-4.200000762939453         -0.03948021              
-4.0                       -0.041920185             
-3.799999237060547         -0.03948021              
-3.5999984741210938        -0.046800137             
-3.3999977111816406        -0.029720306             
-3.200000762939453         -0.032160282             
-3.0                       -0.041920185             
-2.799999237060547         -0.034600258             
-2.5999984741210938        -0.06875992              
-2.3999977111816406        -0.046800137             
-2.200000762939453         -0.037040234             
-2.0                       -0.03948021              
-1.7999992370605469        -0.029720306             
-1.5999984741210938        -0.024839878             
-1.3999977111816406        -0.019959927             
-1.2000007629394531        -0.03948021              
-1.0                       -0.06143999              
-0.7999992370605469        -0.046800137             
-0.5999984741210938        -0.041920185             
-0.3999977111816406        -0.029720306             
-0.20000076293945312       -0.022399902             
0.0                        -0.04436016              
0.20000076293945312        -0.034600258             
0.40000152587890625        -0.05656004              
0.6000022888183594         -0.029720306             
0.7999992370605469         -0.01751995              
1.0                        -0.03948021              
1.2000007629394531         -0.032160282             
1.4000015258789062         -0.02728033              
1.6000022888183594         -0.034600258             
1.7999992370605469         0.072760105              
2.0                        0.37044                  
2.200000762939453          0.9072399                
2.4000015258789062         2.09796                  
2.6000022888183594         3.25208                  
2.799999237060547          4.9917994                
3.0                        4.9917994                
3.200000762939453          3.6863995                
3.4000015258789062         3.6668797                
3.6000022888183594         2.9178                   
3.799999237060547          1.6587601                
4.0                        1.46844                  
4.200000762939453          1.1048799                
4.400001525878906          1.18052                  
4.600002288818359          1.4098797                
4.799999237060547          0.6290798                
5.0                        1.5099196                
5.200000762939453          0.88527966               
5.400001525878906          0.79744005               
5.600002288818359          0.6705599                
5.799999237060547          0.75108004               
6.0                        0.80232                  
6.200000762939453          1.4391599                
6.400001525878906          1.4196401                
6.600002288818359          1.18296                  
6.799999237060547          0.57783985               
7.0                        1.32448                  
7.200000762939453          0.7339997                
7.400001525878906          1.2512798                
7.600002288818359          1.42452                  
7.799999237060547          0.80963993               
8.0                        1.0658398                
8.200000762939453          1.7051201                
8.400001525878906          1.23176                  
8.60000228881836           0.7364397                
8.799999237060547          1.1731997                
9.0                        1.4562397                
9.200000762939453          0.9584799                
9.400001525878906          1.2659197                
9.60000228881836           1.2171197                
9.799999237060547          1.5148001                
10.0                       1.8173599                
10.200000762939453         1.2659197                
10.400001525878906         1.0707197                
10.60000228881836          1.08536                  
10.799999237060547         0.53879976               
11.0                       1.6416798                
11.200000762939453         1.1170797                
11.400001525878906         1.1585598                
11.60000228881836          1.3586397                
11.799999237060547         0.99751997               
12.0                       1.1195197                
12.200000762939453         0.95115995               
12.400001525878906         0.9267597                
12.60000228881836          1.3854799                
12.799999237060547         1.7221999                
13.0                       0.9828801                
13.200004577636719         0.79744005               
13.400001525878906         1.2195597                
13.599998474121094         1.0609598                
13.800003051757812         1.0560799                
14.0                       1.6075201                
14.200004577636719         0.82671976               
14.400001525878906         1.1024399                
14.599998474121094         1.3684001                
14.800003051757812         1.7417197                
15.0                       1.22932                  
15.200004577636719         1.1585598                
15.400001525878906         0.7827997                
15.599998474121094         0.70228004               
15.800003051757812         0.97311974               
16.0                       0.9072399                
16.20000457763672          0.70472                  
16.400001525878906         0.89748                  
16.599998474121094         0.6778798                
16.800003051757812         1.2195597                
17.0                       0.80963993               
17.20000457763672          0.62663984               
17.400001525878906         0.69251966               
17.599998474121094         0.62419987               
17.800003051757812         0.46804                  
18.0                       0.6022401                
18.20000457763672          0.75596                  
18.400001525878906         0.74131966               
18.599998474121094         0.34603977               
18.800003051757812         0.5070801                
19.0                       0.48511982               
19.20000457763672          0.79988                  
19.400001525878906         0.5827198                
19.599998474121094         1.3196001                
19.800003051757812         0.90479994               
20.0                       0.6388397                
20.20000457763672          0.68519974               
20.400001525878906         0.6437197                
20.599998474121094         0.5144                   
20.800003051757812         0.5534401                
21.0                       0.4558401                
21.20000457763672          0.42167997               
21.400001525878906         0.25087976               
21.599998474121094         0.5827198                
21.800003051757812         0.75596                  
22.0                       0.34115982               
22.20000457763672          0.65592                  
22.400001525878906         0.62419987               
22.599998474121094         0.7754798                
22.800003051757812         0.90479994               
23.0                       0.55588007               
23.20000457763672          0.56564                  
23.400001525878906         0.34847975               
23.599998474121094         0.76083994               
23.800003051757812         0.25331974               
24.0                       0.65348005               
24.20000457763672          0.15571976               
24.400001525878906         0.5339198                
24.599998474121094         0.33139992               
24.800003051757812         0.31920004               
25.0                       0.6803198                
25.20000457763672          0.52903986               
25.400001525878906         0.85112                  
25.599998474121094         0.8730798                
25.800003051757812         0.8706398                
26.0                       0.8803997                
26.20000457763672          0.48999977               
26.400001525878906         0.60712004               
26.599998474121094         1.28056                  
26.800003051757812         0.48267984               
27.0                       0.60468006               
27.20000457763672          0.6461601                
27.400001525878906         0.95115995               
27.599998474121094         0.7730398                
27.800003051757812         0.5534401                
28.0                       0.91455984               
28.20000457763672          0.85599995               
28.400001525878906         0.79744005               
28.599998474121094         0.9584799                
28.800003051757812         0.6949601                
29.0                       0.34603977               
29.20000457763672          1.0072799                
29.400001525878906         0.61687994               
29.599998474121094         0.6193199                
29.800003051757812         0.5924797                
30.0                       0.7876797                
30.20000457763672          0.9096799                
30.400001525878906         0.9828801                
30.599998474121094         0.5802798                
30.800003051757812         0.50952005               
31.0                       0.75352                  
31.20000457763672          0.5461197                
31.400001525878906         0.5265999                
31.599998474121094         0.8145199                
31.800003051757812         0.7876797                
32.0                       0.8145199                
32.20000457763672          0.76815987               
32.400001525878906         0.99020004               
32.599998474121094         0.8218398                
32.80000305175781          0.7339997                
33.0                       0.9340801                
33.20000457763672          0.8120799                
33.400001525878906         0.5461197                
33.599998474121094         1.0292397                
33.80000305175781          0.50952005               
34.0                       1.1658797                
34.20000457763672          0.7901201                
34.400001525878906         0.74864006               
34.599998474121094         1.0560799                
34.80000305175781          0.66323996               
35.0                       0.73155975               
35.20000457763672          0.8633199                
35.400001525878906         0.77059984               
35.599998474121094         0.5827198                
35.80000305175781          0.99264                  
36.0                       0.65348005               
36.20000457763672          0.6437197                
36.400001525878906         1.0609598                
36.599998474121094         0.94872                  
36.80000305175781          0.59003973               
37.0                       0.59003973               
37.20000457763672          1.0609598                
37.400001525878906         1.0048399                
37.599998474121094         0.75108004               
37.80000305175781          0.88527966               
38.0                       0.81695986               
38.20000457763672          0.7632799                
38.400001525878906         0.5510001                
38.599998474121094         0.6510401                
38.80000305175781          0.75596                  
39.0                       0.3045597                
39.20000457763672          0.46316004               
39.400001525878906         0.74864006               
39.599998474121094         0.80719995               
39.80000305175781          1.283                    
40.0                       1.2512798                
40.20000457763672          1.04388                  
40.400001525878906         0.46804                  
40.599998474121094         0.7876797                
40.80000305175781          1.0658398                
41.0                       2.86412                  
41.20000457763672          2.9373198                
41.400001525878906         3.6863995                
41.599998474121094         3.4277601                
41.80000305175781          3.8620796                
42.0                       4.9917994                
42.20000457763672          4.9917994                
42.400001525878906         4.9917994                
42.599998474121094         4.9917994                
42.80000305175781          4.9917994                
43.0                       3.6912794                
43.20000457763672          2.20044                  
43.400001525878906         1.2659197                
43.599998474121094         1.6953597                
43.80000305175781          1.2488399                
44.0                       1.3147197                
44.20000457763672          0.95115995               
44.400001525878906         0.75108004               
44.599998474121094         0.87551975               
44.80000305175781          1.2903199                
45.0                       1.37328                  
45.20000457763672          0.75839996               
45.400001525878906         1.37328                  
45.599998474121094         0.6778798                
45.80000305175781          0.75108004               
46.0                       0.7950001                
46.20000457763672          0.56564                  
46.400001525878906         0.78035975               
46.599998474121094         0.53879976               
46.80000305175781          0.7144799                
47.0                       0.49487972               
47.20000457763672          0.28991985               
47.400001525878906         0.4485197                
47.599998474121094         0.41924                  
47.80000305175781          0.038599968              
48.0                       0.036159992              
48.20000457763672          0.028840065              
48.400001525878906         0.001999855              
48.599998474121094         0.014199734              
48.80000305175781          0.009319782              
49.0                       -0.02728033              
49.20000457763672          -0.032160282             
49.400001525878906         -0.032160282             
49.599998474121094         -0.024839878             
49.80000305175781          -0.037040234             
50.0                       -0.037040234             
50.20000457763672          -0.04436016              
50.400001525878906         -4.401207E-4             
50.599998474121094         -0.041920185             
50.80000305175781          -0.03948021              
51.0                       -0.04436016              
51.20000457763672          -0.03948021              
51.400001525878906         -0.046800137             
51.599998474121094         -0.034600258             
51.80000305175781          -0.049240112             
52.0                       -0.041920185             
52.20000457763672          -0.049240112             
52.400001525878906         -0.046800137             
52.599998474121094         -0.03948021              
52.80000305175781          -0.04436016              
53.0                       -0.041920185             
53.20000457763672          -0.046800137             
53.400001525878906         -0.046800137             
53.599998474121094         -0.04436016              
53.80000305175781          -0.05656004              
54.0                       -0.05656004              
54.20000457763672          -0.03948021              
54.400001525878906         -0.034600258             
54.599998474121094         -0.037040234             
54.80000305175781          -0.019959927             
55.0                       -0.098040104             
55.20000457763672          -0.037040234             
55.400001525878906         -0.032160282             
55.599998474121094         -0.029720306             
55.80000305175781          -0.041920185             
56.0                       -0.03948021              
56.20000457763672          -0.029720306             
56.400001525878906         -0.051680088             
56.599998474121094         -0.041920185             
56.80000305175781          -0.041920185             
57.0                       -0.04436016              
57.20000457763672          -0.034600258             
57.400001525878906         -0.07363987              
57.599998474121094         -0.029720306             
57.80000305175781          -0.046800137             
58.0                       -0.03948021              
58.20000457763672          -0.06631994              
58.400001525878906         -0.06143999              
58.599998474121094         -0.041920185             
58.80000305175781          -0.05656004              
59.0                       -0.049240112             
59.20000457763672          -0.04436016              
59.400001525878906         -0.046800137             
59.599998474121094         -0.041920185             
59.80000305175781          -0.04436016              
60.0                       -0.04436016              
60.20000457763672          -0.04436016              
60.400001525878906         -0.032160282             
60.599998474121094         -0.051680088             
60.80000305175781          -0.054120064             
61.0                       -0.04436016              
61.20000457763672          -0.041920185             
61.400001525878906         -0.04436016              
61.599998474121094         -0.046800137             
61.80000305175781          -0.06875992              
62.0                       -0.049240112             
62.20000457763672          -0.032160282             
62.400001525878906         -0.041920185             
62.599998474121094         -0.046800137             
62.80000305175781          -0.098040104             
63.0                       -0.04436016              
63.20000457763672          -0.051680088             
63.400001525878906         -0.034600258             
63.599998474121094         -0.04436016              
63.80000305175781          -0.046800137             
64.0                       -0.019959927             
64.20000457763672          -0.046800137             
64.4000015258789           -0.041920185             
64.5999984741211           -0.041920185             
64.80000305175781          -0.03948021              
65.0                       -0.041920185             
65.20000457763672          -0.054120064             
65.4000015258789           -0.049240112             
65.5999984741211           -0.04436016              
65.80000305175781          -0.034600258             
66.0                       -0.041920185             
66.20000457763672          -0.049240112             
66.4000015258789           -0.041920185             
66.5999984741211           -0.04436016              
66.80000305175781          -0.04436016              
67.0                       -0.034600258             
67.20000457763672          -0.046800137             
67.4000015258789           -0.037040234             
67.5999984741211           -0.041920185             
67.80000305175781          -0.041920185             
68.0                       -0.041920185             
68.20000457763672          -0.03948021              
68.4000015258789           -0.029720306             
68.5999984741211           -0.041920185             
68.80000305175781          -0.049240112             
69.0                       -0.03948021              
69.20000457763672          -0.04436016              
69.4000015258789           -0.032160282             
69.5999984741211           -0.04436016              
69.80000305175781          -0.034600258             
70.0                       -0.041920185             
70.20000457763672          -0.037040234             
70.4000015258789           -4.401207E-4             
70.5999984741211           -0.049240112             
70.80000305175781          -0.03948021              
71.0                       -0.041920185             
71.20000457763672          -0.04436016              
71.4000015258789           -0.046800137             
71.5999984741211           -0.037040234             
71.80000305175781          -0.01751995              
72.0                       -0.037040234             
72.20000457763672          -0.041920185             
72.4000015258789           -0.04436016              
72.5999984741211           -0.041920185             
72.80000305175781          -0.04436016              
73.0                       -0.059000015             
73.20000457763672          -0.03948021              
73.4000015258789           -0.046800137             
73.5999984741211           -0.051680088             
73.80000305175781          -0.029720306             
74.0                       -0.041920185             
74.20000457763672          -0.037040234             
74.4000015258789           -0.04436016              
74.5999984741211           -0.041920185             
74.80000305175781          -0.03948021              
75.0                       -0.032160282             
75.20000457763672          -0.03948021              
75.4000015258789           -0.03948021              
75.5999984741211           -0.049240112             
75.80000305175781          -0.041920185             
76.0                       -0.051680088             
76.20000457763672          -0.03948021              
76.4000015258789           -0.034600258             
76.5999984741211           -0.041920185             
76.80000305175781          -0.059000015             
77.0                       -0.032160282             
77.19999694824219          -0.046800137             
77.40000915527344          -0.041920185             
77.60000610351562          -0.051680088             
77.80000305175781          -0.046800137             
78.0                       -0.046800137             
78.19999694824219          -0.05656004              
78.40000915527344          -0.037040234             
78.60000610351562          -0.041920185             
78.80000305175781          -0.037040234             
79.0                       -0.046800137             
79.19999694824219          -0.01751995              
79.40000915527344          -0.049240112             
79.60000610351562          -0.041920185             
79.80000305175781          -0.037040234             
80.0                       -0.032160282             
80.19999694824219          -0.037040234             
80.40000915527344          -0.051680088             
80.60000610351562          -0.049240112             
80.80000305175781          -0.024839878             
81.0                       -0.04436016              
81.19999694824219          -0.03948021              
81.40000915527344          -0.046800137             
81.60000610351562          -0.054120064             
81.80000305175781          -0.06875992              
82.0                       -0.04436016              
82.19999694824219          -0.03948021              
82.40000915527344          -0.054120064             
82.60000610351562          -0.037040234             
82.80000305175781          -0.06387997              
83.0                       -0.034600258             
83.19999694824219          -0.03948021              
83.40000915527344          -0.04436016              
83.60000610351562          -0.03948021              
83.80000305175781          -0.03948021              
84.0                       -0.049240112             
84.19999694824219          -0.041920185             
84.40000915527344          -0.046800137             
84.60000610351562          -0.04436016              
84.80000305175781          -0.041920185             
85.0                       -0.03948021              
85.19999694824219          -0.054120064             
85.40000915527344          -0.041920185             
85.60000610351562          -0.051680088             
85.80000305175781          -0.041920185             
86.0                       -0.04436016              
86.19999694824219          -0.041920185             
86.40000915527344          -0.01751995              
86.60000610351562          -0.051680088             
86.80000305175781          -0.05656004              
87.0                       -0.046800137             
87.19999694824219          -0.04436016              
87.40000915527344          -0.037040234             
87.60000610351562          -0.049240112             
87.80000305175781          -0.04436016              
88.0                       -0.03948021              
88.19999694824219          -0.041920185             
88.40000915527344          -0.034600258             
88.60000610351562          -0.03948021              
88.80000305175781          -0.032160282             
89.0                       -0.04436016              
89.19999694824219          -0.03948021              
89.40000915527344          -0.046800137             
89.60000610351562          -0.037040234             
89.80000305175781          -0.041920185             
90.0                       -0.046800137             
90.19999694824219          -0.02728033              
90.40000915527344          -0.04436016              
90.60000610351562          -0.04436016              
90.80000305175781          -0.029720306             
91.0                       -0.03948021              
91.19999694824219          -0.041920185             
91.40000915527344          -0.037040234             
91.60000610351562          -0.041920185             
91.80000305175781          -0.041920185             
92.0                       -0.059000015             
92.19999694824219          -0.03948021              
92.40000915527344          -0.041920185             
92.60000610351562          -0.024839878             
92.80000305175781          -0.046800137             
93.0                       -0.041920185             
93.19999694824219          -0.019959927             
93.40000915527344          -0.041920185             
93.60000610351562          -0.046800137             
93.80000305175781          -0.03948021              
94.0                       0.24355984               
94.19999694824219          -0.037040234             
94.40000915527344          -0.029720306             
94.60000610351562          -0.03948021              
94.80000305175781          -0.04436016              
95.0                       -0.05656004              
95.19999694824219          -0.03948021              
95.40000915527344          -0.09316015              
95.60000610351562          -0.03948021              
95.80000305175781          -0.04436016              
96.0                       -0.032160282             
96.19999694824219          -0.059000015             
96.40000915527344          -0.03948021              
96.60000610351562          -0.03948021              
96.80000305175781          -0.041920185             
97.0                       -0.06631994              
97.19999694824219          -0.04436016              
97.40000915527344          -0.032160282             
97.60000610351562          -0.046800137             
97.80000305175781          -0.03948021              
98.0                       -0.04436016              
98.19999694824219          -0.034600258             
98.40000915527344          -0.04436016              
98.60000610351562          -0.041920185             
98.80000305175781          -0.034600258             
99.0                       -0.041920185             
99.19999694824219          -0.037040234             
99.40000915527344          -0.049240112             
99.60000610351562          -0.019959927             
99.80000305175781          -0.041920185             
100.0                      -0.037040234             
100.19999694824219         -0.037040234             
100.40000915527344         -0.032160282             
100.60000610351562         -0.04436016              
100.80000305175781         -0.049240112             
101.0                      -0.037040234             
101.19999694824219         -0.05656004              
101.40000915527344         -0.046800137             
101.60000610351562         -0.051680088             
101.80000305175781         -0.041920185             
102.0                      -0.01751995              
102.19999694824219         -0.04436016              
102.40000915527344         -0.03948021              
102.60000610351562         -0.029720306             
102.80000305175781         -0.046800137             
103.0                      -0.041920185             
103.19999694824219         -0.034600258             
103.40000915527344         -0.04436016              
103.60000610351562         -0.03948021              
103.80000305175781         -0.04436016              
104.0                      -0.054120064             
104.19999694824219         -0.041920185             
104.40000915527344         -0.03948021              
104.60000610351562         -0.041920185             
104.80000305175781         -0.03948021              
105.0                      -0.049240112             
105.19999694824219         -0.03948021              
105.40000915527344         -0.03948021              
105.60000610351562         -0.037040234             
105.80000305175781         -0.04436016              
106.0                      -0.041920185             
106.19999694824219         -0.041920185             
106.40000915527344         -0.041920185             
106.60000610351562         -0.049240112             
106.80000305175781         -0.034600258             
107.0                      -0.04436016              
107.19999694824219         -0.041920185             
107.40000915527344         -0.04436016              
107.60000610351562         -0.04436016              
107.80000305175781         -0.049240112             
108.0                      -0.04436016              
108.19999694824219         -0.03948021              
108.40000915527344         -0.03948021              
108.60000610351562         -0.03948021              
108.80000305175781         -0.046800137             
109.0                      -0.032160282             
109.19999694824219         -0.037040234             
109.40000915527344         -0.04436016              
109.60000610351562         -0.04436016              
109.80000305175781         -0.037040234             
110.0                      -0.046800137             
110.19999694824219         -0.03948021              
110.40000915527344         -0.046800137             
110.60000610351562         -0.059000015             
110.80000305175781         -0.049240112             
111.0                      -0.046800137             
111.19999694824219         -0.04436016              
111.40000915527344         -0.03948021              
111.60000610351562         -0.051680088             
111.80000305175781         -0.037040234             
112.0                      -0.037040234             
112.19999694824219         -0.041920185             
112.40000915527344         -0.03948021              
112.60000610351562         -0.034600258             
112.80000305175781         -0.051680088             
113.0                      -0.041920185             
113.19999694824219         -0.034600258             
113.40000915527344         -0.04436016              
113.60000610351562         -0.037040234             
113.80000305175781         -0.05656004              
114.0                      -0.041920185             
114.19999694824219         -0.051680088             
114.40000915527344         -0.012639999             
114.60000610351562         -0.04436016              
114.80000305175781         -0.03948021              
115.0                      -0.04436016              
115.19999694824219         -0.051680088             
115.40000915527344         -0.03948021              
115.60000610351562         -0.05656004              
115.80000305175781         -0.04436016              
116.0                      -0.04436016              
116.19999694824219         -0.04436016              
116.40000915527344         -0.03948021              
116.60000610351562         -0.051680088             
116.80000305175781         -0.04436016              
117.0                      -0.054120064             
117.19999694824219         -0.04436016              
117.40000915527344         -0.046800137             
117.60000610351562         -0.037040234             
117.80000305175781         -0.029720306             
118.0                      -0.046800137             
118.19999694824219         -0.041920185             
118.40000915527344         -0.04436016              
118.60000610351562         -0.04436016              
118.80000305175781         -0.051680088             
119.0                      -0.05656004              
119.19999694824219         -0.041920185             
119.40000915527344         -0.046800137             
119.60000610351562         -0.04436016              
119.80000305175781         -0.032160282             
120.0                      -0.05656004              
120.19999694824219         -0.041920185             
120.40000915527344         -0.03948021              
120.60000610351562         -0.041920185             
120.80000305175781         -0.037040234             
121.0                      -0.04436016              
121.19999694824219         -0.041920185             
121.40000915527344         -0.04436016              
121.60000610351562         -0.06143999              
121.80000305175781         -0.041920185             
122.0                      -0.032160282             
122.19999694824219         -0.041920185             
122.40000915527344         -0.046800137             
122.60000610351562         -0.051680088             
122.80000305175781         -0.046800137             
123.0                      -0.04436016              
123.19999694824219         -0.041920185             
123.40000915527344         -0.049240112             
123.60000610351562         -0.019959927             
123.80000305175781         -0.04436016              
124.0                      -0.04436016              
124.19999694824219         -0.03948021              
124.40000915527344         -0.046800137             
124.60000610351562         -0.04436016              
124.80000305175781         -0.04436016              
125.0                      -0.04436016              
125.19999694824219         -0.037040234             
125.40000915527344         -0.049240112             
125.60000610351562         -0.04436016              
125.80000305175781         -0.04436016              
126.0                      -0.03948021              
126.19999694824219         -0.046800137             
126.40000915527344         -0.080960274             
126.60000610351562         -0.037040234             
126.80000305175781         -0.034600258             
127.0                      -0.051680088             
127.19999694824219         -0.04436016              
127.40000915527344         -0.04436016              
127.60000610351562         -0.037040234             
127.80000305175781         -0.04436016              
128.0                      -0.03948021              
128.1999969482422          -0.041920185             
128.40000915527344         -0.04436016              
128.60000610351562         -0.032160282             
128.8000030517578          -0.04436016              
129.0                      -0.041920185             
129.1999969482422          -0.041920185             
129.40000915527344         -0.049240112             
129.60000610351562         -0.034600258             
129.8000030517578          -0.04436016              
130.0                      -0.041920185             
130.1999969482422          -0.04436016              
130.40000915527344         -0.049240112             
130.60000610351562         -0.041920185             
130.8000030517578          -0.03948021              
131.0                      -0.03948021              
131.1999969482422          -0.049240112             
131.40000915527344         -0.03948021              
131.60000610351562         -0.054120064             
131.8000030517578          -0.03948021              
132.0                      -0.049240112             
132.1999969482422          -0.029720306             
132.40000915527344         -0.041920185             
132.60000610351562         -0.041920185             
132.8000030517578          -0.046800137             
133.0                      -0.041920185             
133.1999969482422          -0.04436016              
133.40000915527344         -0.05656004              
133.60000610351562         -0.03948021              
133.8000030517578          -0.04436016              
134.0                      -0.037040234             
134.1999969482422          -0.04436016              
134.40000915527344         -0.046800137             
134.60000610351562         -0.046800137             
134.8000030517578          -0.04436016              
135.0                      -0.059000015             
135.1999969482422          -0.04436016              
135.40000915527344         -0.01751995              
135.60000610351562         -0.03948021              
135.8000030517578          -0.049240112             
136.0                      -0.049240112             
136.1999969482422          -0.046800137             
136.40000915527344         -0.046800137             
136.60000610351562         -0.046800137             
136.8000030517578          -0.04436016              
137.0                      -0.06631994              
137.1999969482422          -0.046800137             
137.40000915527344         -0.046800137             
137.60000610351562         -0.041920185             
137.8000030517578          -0.049240112             
138.0                      -0.049240112             
138.1999969482422          -0.04436016              
138.40000915527344         -0.054120064             
138.60000610351562         -0.041920185             
138.8000030517578          -0.037040234             
139.0                      -0.034600258             
139.1999969482422          -0.049240112             
139.40000915527344         -0.037040234             
139.60000610351562         -0.04436016              
139.8000030517578          -0.04436016              
140.0                      -0.06387997              
140.1999969482422          -0.051680088             
140.40000915527344         -0.054120064             
140.60000610351562         -0.046800137             
140.8000030517578          -0.046800137             
141.0                      -0.034600258             
141.1999969482422          -0.04436016              
141.40000915527344         -0.04436016              
141.60000610351562         -0.051680088             
141.8000030517578          -0.04436016              
142.0                      -0.049240112             
142.1999969482422          -0.05656004              
142.40000915527344         -0.046800137             
142.60000610351562         -0.046800137             
142.8000030517578          -0.03948021              
143.0                      -0.041920185             
143.1999969482422          -0.04436016              
143.40000915527344         -0.04436016              
143.60000610351562         -0.029720306             
143.8000030517578          -0.051680088             
144.0                      -0.04436016              
144.1999969482422          -0.04436016              
144.40000915527344         -0.03948021              
144.60000610351562         -0.034600258             
144.8000030517578          -0.04436016              
145.0                      -0.046800137             
145.1999969482422          -0.054120064             
145.40000915527344         -0.0785203               
145.60000610351562         -0.04436016              
145.8000030517578          -0.06143999              
146.0                      -0.04436016              
146.1999969482422          -0.041920185             
146.40000915527344         -0.049240112             
146.60000610351562         -0.04436016              
146.8000030517578          -0.04436016              
147.0                      -0.05656004              
147.1999969482422          -0.041920185             
147.40000915527344         -0.046800137             
147.60000610351562         -0.037040234             
147.8000030517578          -0.049240112             
148.0                      -0.041920185             
148.1999969482422          0.001999855              
148.40000915527344         -0.005320072             
148.60000610351562         -0.04436016              
148.8000030517578          -0.046800137             
149.0                      -0.037040234             
149.1999969482422          -0.041920185             
149.40000915527344         -0.041920185             
149.60000610351562         -0.04436016              
149.8000030517578          -0.04436016              
150.0                      -0.041920185             
150.1999969482422          -0.037040234             
150.40000915527344         -0.03948021              
150.60000610351562         -0.037040234             
150.8000030517578          -0.041920185             
151.0                      -0.04436016              
151.1999969482422          -0.037040234             
151.40000915527344         -0.04436016              
